1	1	2	2	
1.1	1.051	2.1	1.951	
1.06933	1.004	1.94874	1.81053	
1.03867	0.859	1.91923	1.56434	
0.877333	0.616	1.66665	1.23715	
0.716	0.275	1.52663	0.803199	
0.424	-0.164	1.19391	0.302819	
0.132	-0.701	0.966426	-0.302069	
-0.290667	-1.336	0.578261	-0.95509	
-0.713333	-2.069	0.289499	-1.70742	
-1.26667	-2.9	-0.126851	-2.48632	
-1.82	-3.829	-0.448614	-3.35686	
-2.504	-4.856	-0.864432	-4.22974	
-3.188	-5.981	-1.18994	-5.18466	
-4.00267	-7.204	-1.5762	-6.11572	
-4.81733	-8.525	-1.8764	-7.11801	
-5.76267	-9.944	-2.20491	-8.06901	
-6.708	-11.461	-2.45208	-9.07987	
-7.784	-13.076	-2.69665	-10.0116	
-8.86	-14.789	-2.86551	-10.9921	
-10.0667	-16.6	-3.00295	-11.8661	
-11.2733	-18.509	-3.07168	-12.7786	
-12.6107	-20.516	-3.08279	-13.5584	
-13.948	-22.621	-3.03385	-14.3681	
-15.416	-24.824	-2.90414	-15.021	
-16.884	-27.125	-2.725	-15.6975	
-18.4827	-29.524	-2.44532	-16.1956	
-20.0813	-32.021	-2.12893	-16.7138	
-21.8107	-34.616	-1.6958	-17.0352	
-23.54	-37.309	-1.24085	-17.3766	
-25.4	-40.1	-0.656686	-17.5065	
-27.26	-42.989	-0.0676498	-17.6597	
-29.2507	-45.976	0.659404	-17.5906	
-31.2413	-49.061	1.37245	-17.5518	
-33.3627	-52.244	2.22878	-17.284	
-35.484	-55.525	3.05059	-17.0574	
-37.736	-58.904	4.01767	-16.5991	
-39.988	-62.381	4.92844	-16.1963	
-42.3707	-65.956	5.98352	-15.5631	
-44.7533	-69.629	6.95971	-15.003	
-47.2667	-73.4	8.07674	-14.2173	
-49.78	-77.269	9.09201	-13.5251	
-52.424	-81.236	10.2426	-12.6153	
-55.068	-85.301	11.2689	-11.8217	
-57.8427	-89.464	12.4237	-10.8209	
-60.6173	-93.725	13.4324	-9.96073	
-63.5227	-98.084	14.5616	-8.90574	
-66.428	-102.541	15.5246	-8.0165	
-69.464	-107.096	16.6001	-6.94603	
-72.5	-111.749	17.491	-6.06656	
-75.6667	-116.5	18.4865	-5.01989	
-78.8333	-121.349	19.2818	-4.18872	
-82.1307	-126.296	20.1744	-3.20403	
-85.428	-131.341	20.8543	-2.45787	
-88.856	-136.484	21.6253	-1.5708	
-92.284	-141.725	22.1745	-0.943038	
-95.8427	-147.064	22.8101	-0.185247	
-99.4013	-152.501	23.2185	0.295371	
-103.091	-158.036	23.7104	0.89747	
-106.78	-163.669	23.9734	1.20799	
-110.6	-169.4	24.3189	1.63426	
-114.42	-175.229	24.4379	1.75844	
-118.371	-181.156	24.6402	1.99582	
-122.321	-187.181	24.6222	1.9248	
-126.403	-193.304	24.6902	1.96781	
-130.484	-199.525	24.5476	1.70047	
-134.696	-205.844	24.4956	1.55143	
-138.908	-212.261	24.2461	1.09441	
-143.251	-218.776	24.0928	0.763341	
-147.593	-225.389	23.7583	0.130836	
-152.067	-232.1	23.5266	-0.364971	
-156.54	-238.909	23.1324	-1.15181	
-161.144	-245.816	22.8483	-1.78847	
-165.748	-252.821	22.4223	-2.70237	
-170.483	-259.924	22.1136	-3.45036	
-175.217	-267.125	21.6849	-4.45898	
-180.083	-274.424	21.3804	-5.28436	
-184.948	-281.821	20.9784	-6.35159	
-189.944	-289.316	20.7065	-7.21732	
-194.94	-296.909	20.3598	-8.30472	
-200.067	-304.6	20.1475	-9.17218	
-205.193	-312.389	19.8826	-10.2405	
-210.451	-320.276	19.7543	-11.071	
-215.708	-328.261	19.5944	-12.0817	
-221.096	-336.344	19.5711	-12.8381	
-226.484	-344.525	19.5357	-13.755	
-232.003	-352.804	19.6338	-14.4031	
-237.521	-361.181	19.7373	-15.1937	
-243.171	-369.656	19.9685	-15.7037	
-248.82	-378.229	20.2202	-16.3403	
-254.6	-386.9	20.5904	-16.6879	
-260.38	-395.669	20.9938	-17.1493	
-266.291	-404.536	21.5033	-17.3168	
-272.201	-413.501	22.0561	-17.5883	
-278.243	-422.564	22.6993	-17.5652	
-284.284	-431.725	23.3934	-17.6399	
-290.456	-440.984	24.1594	-17.4234	
-296.628	-450.341	24.9812	-17.302	
-302.931	-459.796	25.8539	-16.8971	
-309.233	-469.349	26.7851	-16.5882	
-315.667	-479	27.7437	-16.0073	
-322.1	-488.749	28.7618	-15.5269	
-328.664	-498.596	29.7822	-14.7897	
-335.228	-508.541	30.8614	-14.1604	
-341.923	-518.584	31.9166	-13.2928	
-348.617	-528.725	33.029	-12.5432	
-355.443	-538.964	34.0903	-11.5764	
-362.268	-549.301	35.2069	-10.7398	
-369.224	-559.736	36.2455	-9.70903	
-376.18	-570.269	37.3372	-8.82199	
-383.267	-580.9	38.3246	-7.76518	
-390.353	-591.629	39.3637	-6.86625	
-397.571	-602.456	40.2734	-5.82241	
-404.788	-613.381	41.2345	-4.9505	
-412.136	-624.404	42.043	-3.95821	
-419.484	-635.525	42.9038	-3.15106	
-426.963	-646.744	43.5912	-2.24694	
-434.441	-658.061	44.3339	-1.5396	
-442.051	-669.476	44.8851	-0.756849	
-449.66	-680.989	45.4966	-0.180298	
-457.4	-692.6	45.9016	0.452638	
-465.14	-704.309	46.3744	0.872739	
-473.011	-716.116	46.629	1.33329	
-480.881	-728.021	46.9612	1.57762	
-488.883	-740.024	47.0669	1.84999	
-496.884	-752.125	47.2624	1.90634	
-505.016	-764.324	47.2264	1.98215	
-513.148	-776.621	47.2947	1.84588	
-521.411	-789.016	47.1299	1.7245	
-529.673	-801.509	47.0858	1.39876	
-538.067	-814.1	46.8098	1.08731	
-546.46	-826.789	46.6728	0.582905	
-554.984	-839.576	46.3077	0.0959968	
-563.508	-852.461	46.1009	-0.569075	
-572.163	-865.444	45.6721	-1.20992	
-580.817	-878.525	45.4217	-2.01116	
-589.603	-891.704	44.9572	-2.77838	
-598.388	-904.981	44.6911	-3.68579	
-607.304	-918.356	44.2199	-4.54686	
-616.22	-931.829	43.9669	-5.52611	
-625.267	-945.4	43.5185	-6.44486	
-634.313	-959.069	43.3069	-7.45871	
-643.491	-972.836	42.9095	-8.39674	
-652.668	-986.701	42.766	-9.40649	
-661.976	-1000.66	42.4458	-10.3247	
-671.284	-1014.72	42.3944	-11.2918	
-680.723	-1028.88	42.1746	-12.152	
-690.161	-1043.14	42.2359	-13.0393	
-699.731	-1057.5	42.1354	-13.8057	
-709.3	-1071.95	42.3253	-14.5795	
-719	-1086.5	42.3583	-15.22	
-728.7	-1101.15	42.6878	-15.851	
-738.531	-1115.9	42.8632	-16.3385	
-748.361	-1130.74	43.3376	-16.8029	
-758.323	-1145.68	43.6586	-17.1168	
-768.284	-1160.72	44.2774	-17.3975	
-778.376	-1175.86	44.7414	-17.5239	
-788.468	-1191.1	45.4985	-17.611	
-798.691	-1206.44	46.0971	-17.5436	
-808.913	-1221.87	46.9809	-17.435	
-819.267	-1237.4	47.7004	-17.1751	
-829.62	-1253.03	48.6941	-16.8765	
-840.104	-1268.76	49.516	-16.4334	
-850.588	-1284.58	50.5984	-15.9578	
-861.203	-1300.5	51.5003	-15.3479	
-871.817	-1316.52	52.6466	-14.7155	
-882.563	-1332.64	53.6028	-13.962	
-893.308	-1348.86	54.7857	-13.1993	
-904.184	-1365.18	55.7685	-12.331	
-915.06	-1381.59	56.9591	-11.4697	
-926.067	-1398.1	57.9397	-10.52	
-937.073	-1414.71	59.1087	-9.59549	
-948.211	-1431.42	60.0587	-8.60115	
-959.348	-1448.22	61.1776	-7.65155	
-970.616	-1465.12	62.0697	-6.65102	
-981.884	-1482.12	63.112	-5.71536	
-993.283	-1499.22	63.9213	-4.74734	
-1004.68	-1516.42	64.8633	-3.86411	
-1016.21	-1533.72	65.5685	-2.96598	
-1027.74	-1551.11	66.3904	-2.1716	
-1039.4	-1568.6	66.9743	-1.37793	
-1051.06	-1586.19	67.6612	-0.705302	
-1062.85	-1603.88	68.1116	-0.04648	
-1074.64	-1621.66	68.6536	0.476351	
-1086.56	-1639.54	68.9638	0.975352	
-1098.48	-1657.52	69.3568	1.32627	
-1110.54	-1675.6	69.5258	1.64688	
-1122.59	-1693.78	69.7714	1.8106	
-1134.77	-1712.06	69.8039	1.9414	
-1146.95	-1730.43	69.9095	1.91007	
-1159.27	-1748.9	69.8158	1.84724	
-1171.58	-1767.47	69.7943	1.62073	
-1184.02	-1786.14	69.59	1.36822	
-1196.47	-1804.9	69.4591	0.954148	
-1209.04	-1823.76	69.1642	0.523513	
-1221.62	-1842.72	68.9459	-0.0630681	
-1234.32	-1861.78	68.5841	-0.653126	
-1247.03	-1880.94	68.3038	-1.39035	
-1259.86	-1900.2	67.9018	-2.11472	
-1272.7	-1919.55	67.5871	-2.97476	
-1285.67	-1939	67.1732	-3.80294	
-1298.63	-1958.55	66.8529	-4.75314	
-1311.73	-1978.2	66.4562	-5.65042	
-1324.83	-1997.94	66.1592	-6.65458	
-1338.06	-2017.78	65.808	-7.58345	
-1351.28	-2037.72	65.5622	-8.6033	
-1364.64	-2057.76	65.2833	-9.52494	
-1378	-2077.9	65.1144	-10.5216	
-1391.49	-2098.14	64.9319	-11.3974	
-1404.98	-2118.47	64.8622	-12.3331	
-1418.6	-2138.9	64.7964	-13.1263	
-1432.22	-2159.43	64.8444	-13.9656	
-1445.97	-2180.06	64.9109	-14.6426	
-1459.72	-2200.78	65.0902	-15.3541	
-1473.6	-2221.6	65.2998	-15.8858	
-1487.48	-2242.52	65.6184	-16.4432	
-1501.5	-2263.54	65.9761	-16.8064	
-1515.51	-2284.66	66.4365	-17.1897	
-1529.65	-2305.88	66.9417	-17.3677	
-1543.79	-2327.19	67.5406	-17.5638	
-1558.07	-2348.6	68.1867	-17.5474	
-1572.34	-2370.11	68.9153	-17.5507	
-1586.74	-2391.72	69.6904	-17.3383	
-1601.15	-2413.42	70.5344	-17.1511	
-1615.68	-2435.22	71.4213	-16.7487	
-1630.22	-2457.12	72.3618	-16.3808	
-1644.88	-2479.12	73.3394	-15.8022	
-1659.55	-2501.22	74.3535	-15.2708	
-1674.34	-2523.42	75.3968	-14.5366	
-1689.14	-2545.71	76.4587	-13.8654	
-1704.07	-2568.1	77.5401	-13.0022	
-1718.99	-2590.59	78.622	-12.2205	
-1734.05	-2613.18	79.7128	-11.2604	
-1749.11	-2635.86	80.7859	-10.402	
-1764.3	-2658.64	81.857	-9.38043	
-1779.48	-2681.53	82.8927	-8.48227	
-1794.8	-2704.5	83.9158	-7.43737	
-1810.12	-2727.58	84.8873	-6.53794	
-1825.57	-2750.76	85.8359	-5.50862	
-1841.02	-2774.03	86.7187	-4.64654	
-1856.6	-2797.4	87.5696	-3.67106	
-1872.18	-2820.87	88.3427	-2.88351	
-1887.89	-2844.44	89.0765	-1.9979	
-1903.6	-2868.1	89.7231	-1.31912	
-1919.44	-2891.86	90.3252	-0.555813	
-1935.28	-2915.73	90.8338	-0.0157338	
-1951.26	-2939.68	91.2948	0.597761	
-1967.23	-2963.74	91.6592	0.974698	
-1983.33	-2987.9	91.9752	1.41689	
-1999.43	-3012.15	92.195	1.61272	
-2015.67	-3036.5	92.3682	1.86898	
-2031.9	-3060.95	92.4487	1.87292	
-2048.26	-3085.5	92.4868	1.93606	
-2064.63	-3110.14	92.4389	1.74498	
-2081.12	-3134.88	92.355	1.61553	
-2097.62	-3159.73	92.1948	1.23402	
-2114.24	-3184.66	92.0068	0.920221	
-2130.87	-3209.7	91.7547	0.360461	
-2147.62	-3234.84	91.4848	-0.122082	
-2164.38	-3260.07	91.1651	-0.840828	
-2181.27	-3285.4	90.8385	-1.46977	
-2198.15	-3310.83	90.4781	-2.32192	
-2215.17	-3336.36	90.1224	-3.06908	
-2232.19	-3361.98	89.7499	-4.02374	
-2249.34	-3387.7	89.3937	-4.85621	
-2266.48	-3413.53	89.0383	-5.8784	
-2283.76	-3439.44	88.7102	-6.75989	
-2301.04	-3465.46	88.4002	-7.81196	
-2318.45	-3491.58	88.1277	-8.70421	
-2335.86	-3517.79	87.89	-9.74732	
-2353.4	-3544.1	87.6982	-10.6116	
-2370.94	-3570.51	87.5567	-11.6073	
-2388.61	-3597.02	87.4675	-12.4062	
-2406.28	-3623.62	87.4422	-13.3178	
-2424.08	-3650.32	87.4733	-14.0162	
-2441.88	-3677.13	87.5798	-14.8106	
-2459.82	-3704.02	87.7441	-15.3777	
-2477.75	-3731.02	87.9929	-16.0262	
-2495.81	-3758.12	88.2977	-16.4364	
-2513.87	-3785.31	88.6935	-16.9162	
-2532.07	-3812.6	89.1407	-17.1501	
-2550.26	-3839.99	89.6825	-17.4451	
-2568.58	-3867.48	90.268	-17.4903	
-2586.91	-3895.06	90.9492	-17.592	
-2605.36	-3922.74	91.6634	-17.4437	
-2623.82	-3950.53	92.4717	-17.3509	
-2642.4	-3978.4	93.2999	-17.0122	
-2660.99	-4006.38	94.2182	-16.7315	
-2679.7	-4034.46	95.1407	-16.2129	
-2698.42	-4062.63	96.1477	-15.7585	
-2717.27	-4090.9	97.1413	-15.0779	
-2736.11	-4119.27	98.2119	-14.4709	
-2755.09	-4147.74	99.2504	-13.6524	
-2774.07	-4176.3	100.357	-12.9198	
-2793.18	-4204.96	101.413	-11.9933	
-2812.28	-4233.73	102.527	-11.1673	
-2831.52	-4262.58	103.57	-10.1669	
-2850.76	-4291.54	104.664	-9.2831	
-2870.13	-4320.6	105.666	-8.24594	
-2889.5	-4349.75	106.711	-7.34238	
-2909	-4379	107.646	-6.30707	
-2928.5	-4408.35	108.615	-5.42248	
-2948.13	-4437.8	109.458	-4.42761	
-2967.76	-4467.34	110.33	-3.59994	
-2987.52	-4496.98	111.06	-2.6825	
-3007.28	-4526.73	111.815	-1.94738	
-3027.18	-4556.56	112.416	-1.14131	
-3047.07	-4586.5	113.041	-0.530623	
-3067.09	-4616.54	113.501	0.13452	
-3087.11	-4646.67	113.986	0.593886	
-3107.27	-4676.9	114.3	1.09414	
-3127.42	-4707.23	114.643	1.38138	
-3147.7	-4737.66	114.811	1.69932	
-3167.99	-4768.18	115.014	1.80053	
-3188.4	-4798.8	115.041	1.92595	
-3208.82	-4829.53	115.113	1.83469	
-3229.36	-4860.34	115.011	1.76503	
-3249.91	-4891.26	114.964	1.48258	
-3270.58	-4922.28	114.749	1.223	
-3291.26	-4953.39	114.603	0.758306	
-3312.07	-4984.6	114.296	0.321514	
-3332.87	-5015.91	114.072	-0.309194	
-3353.81	-5047.32	113.697	-0.903472	
-3374.75	-5078.82	113.422	-1.67729	
-3395.82	-5110.42	113.006	-2.4031	
-3416.88	-5142.13	112.707	-3.29139	
-3438.08	-5173.92	112.278	-4.11755	
-3459.28	-5205.82	111.984	-5.08709	
-3480.61	-5237.82	111.572	-5.97848	
-3501.94	-5269.91	111.312	-6.99276	
-3523.4	-5302.1	110.945	-7.9117	
-3544.86	-5334.39	110.744	-8.93239	
-3566.45	-5366.78	110.449	-9.84013	
-3588.04	-5399.26	110.334	-10.8286	
-3609.76	-5431.84	110.133	-11.6869	
-3631.48	-5464.53	110.125	-12.6059	
-3653.34	-5497.3	110.039	-13.3784	
-3675.19	-5530.18	110.155	-14.1933	
-3697.17	-5563.16	110.2	-14.8473	
-3719.15	-5596.23	110.452	-15.5276	
-3741.27	-5629.4	110.636	-16.0351	
-3763.38	-5662.67	111.032	-16.5556	
-3785.62	-5696.04	111.36	-16.8943	
-3807.87	-5729.5	111.9	-17.2364	
-3830.24	-5763.06	112.371	-17.3909	
-3852.62	-5796.73	113.051	-17.5428	
-3875.12	-5830.48	113.658	-17.5051	
-3897.63	-5864.34	114.468	-17.4627	
-3920.26	-5898.3	115.199	-17.2324	
-3942.9	-5932.35	116.123	-16.9993	
-3965.67	-5966.5	116.959	-16.5837	
-3988.43	-6000.75	117.978	-16.1712	
-4011.33	-6035.1	118.898	-15.5849	
-4034.23	-6069.54	119.988	-15.0113	
-4057.26	-6104.08	120.968	-14.276	
-4080.28	-6138.73	122.102	-13.566	
-4103.44	-6173.46	123.114	-12.7091	
-4126.6	-6208.3	124.264	-11.8929	
-4149.89	-6243.24	125.279	-10.9468	
-4173.18	-6278.27	126.417	-10.0588	
-4196.6	-6313.4	127.406	-9.05927	
-4220.02	-6348.63	128.503	-8.13675	
-4243.57	-6383.96	129.44	-7.12187	
-4267.12	-6419.38	130.468	-6.20345	
-4290.8	-6454.9	131.326	-5.21182	
-4314.48	-6490.52	132.262	-4.33595	
-4338.3	-6526.24	133.02	-3.40525	
-4362.11	-6562.06	133.843	-2.6087	
-4386.05	-6597.98	134.482	-1.77418	
-4409.99	-6633.99	135.176	-1.09055	
-4434.07	-6670.1	135.683	-0.383604	
-4458.14	-6706.31	136.237	0.158007	
-4482.34	-6742.62	136.604	0.711079	
-4506.55	-6779.02	137.012	1.08722	
-4530.88	-6815.52	137.236	1.46627	
-4555.22	-6852.12	137.499	1.66009	
-4579.68	-6888.82	137.584	1.85192	
-4604.15	-6925.62	137.708	1.85381	
-4628.74	-6962.52	137.661	1.8527	
-4653.34	-6999.51	137.658	1.6607	
-4678.07	-7036.6	137.495	1.46864	
-4702.79	-7073.79	137.38	1.08851	
-4727.65	-7111.08	137.12	0.715113	
-4752.51	-7148.46	136.915	0.160077	
-4777.5	-7185.94	136.579	-0.377779	
-4802.48	-7223.52	136.309	-1.08753	
-4827.6	-7261.2	135.925	-1.76641	
-4852.72	-7298.98	135.615	-2.60456	
-4877.97	-7336.86	135.21	-3.39538	
-4903.22	-7374.83	134.89	-4.33049	
-4928.6	-7412.9	134.492	-5.19969	
-4953.98	-7451.07	134.191	-6.19651	
-4979.49	-7489.34	133.83	-7.10737	
-5005	-7527.7	133.575	-8.12821	
-5030.64	-7566.16	133.277	-9.04236	
-5056.28	-7604.72	133.095	-10.0486	
-5082.06	-7643.38	132.885	-10.9275	
-5107.83	-7682.14	132.799	-11.8811	
-5133.73	-7721	132.697	-12.6876	
-5159.63	-7759.95	132.726	-13.5527	
-5185.67	-7799	132.751	-14.2525	
-5211.7	-7838.15	132.91	-14.9969	
-5237.86	-7877.4	133.073	-15.5599	
-5264.03	-7916.74	133.37	-16.1559	
-5290.32	-7956.18	133.678	-16.5576	
-5316.62	-7995.72	134.118	-16.9838	
-5343.04	-8035.36	134.571	-17.2059	
-5369.47	-8075.1	135.152	-17.4476	
-5396.02	-8114.94	135.746	-17.4789	
-5422.58	-8154.87	136.46	-17.5288	
-5449.27	-8194.9	137.184	-17.3659	
-5475.95	-8235.03	138.018	-17.2242	
-5502.77	-8275.26	138.856	-16.8714	
-5529.59	-8315.58	139.792	-16.5461	
-5556.54	-8356	140.724	-16.0151	
-5583.48	-8396.52	141.741	-15.5216	
-5610.56	-8437.14	142.744	-14.8312	
-5637.64	-8477.86	143.815	-14.1915	
-5664.85	-8518.68	144.862	-13.3669	
-5692.06	-8559.59	145.961	-12.609	
-5719.4	-8600.6	147.023	-11.6806	
-5746.74	-8641.71	148.122	-10.8372	
-5774.21	-8682.92	149.17	-9.83961	
-5801.68	-8724.22	150.24	-8.94674	
-5829.28	-8765.62	151.246	-7.9173	
-5856.88	-8807.12	152.259	-7.01301	
-5884.62	-8848.72	153.197	-5.99029	
-5912.35	-8890.42	154.127	-5.11315	
-5940.21	-8932.22	154.973	-4.13541	
-5968.07	-8974.11	155.8	-3.32289	
-5996.07	-9016.1	156.534	-2.42658	
-6024.06	-9058.19	157.238	-1.7136	
-6052.18	-9100.38	157.844	-0.931904	
-6080.31	-9142.66	158.414	-0.349424	
-6108.56	-9185.04	158.881	0.289073	
-6136.82	-9227.52	159.309	0.715273	
-6165.2	-9270.1	159.632	1.18772	
-6193.59	-9312.78	159.916	1.43808	
-6222.1	-9355.56	160.097	1.72825	
-6250.62	-9398.43	160.24	1.79022	
-6279.27	-9441.4	160.284	1.88918	
-6307.91	-9484.47	160.296	1.75769	
-6336.69	-9527.64	160.216	1.66415	
-6365.47	-9570.9	160.112	1.34184	
-6394.38	-9614.26	159.924	1.06219	
-6423.28	-9657.72	159.722	0.559293	
-6452.32	-9701.28	159.447	0.107338	
-6481.36	-9744.94	159.172	-0.558712	
-6510.53	-9788.7	158.835	-1.16227	
-6539.7	-9832.55	158.512	-1.96756	
-6569	-9876.5	158.14	-2.69599	
-6598.3	-9920.55	157.797	-3.61105	
-6627.73	-9964.7	157.419	-4.43263	
-6657.16	-10008.9	157.085	-5.42364	
-6686.72	-10053.3	156.729	-6.30293	
-6716.28	-10097.7	156.432	-7.33303	
-6745.98	-10142.3	156.125	-8.2323	
-6775.67	-10186.9	155.893	-9.2631	
-6805.49	-10231.6	155.662	-10.1438	
-6835.31	-10276.5	155.518	-11.1369	
-6865.27	-10321.4	155.385	-11.9613	
-6895.22	-10366.4	155.352	-12.8797	
-6925.3	-10411.6	155.336	-13.6123	
-6955.39	-10456.8	155.428	-14.4221	
-6985.6	-10502.1	155.544	-15.031	
-7015.82	-10547.5	155.774	-15.7026	
-7046.16	-10593	156.029	-16.1608	
-7076.51	-10638.7	156.404	-16.6702	
-7106.98	-10684.4	156.802	-16.9569	
-7137.46	-10730.2	157.321	-17.2863	
-7168.07	-10776.1	157.859	-17.3874	
-7198.67	-10822.1	158.518	-17.5265	
-7229.41	-10868.2	159.188	-17.4353	
-7260.15	-10914.4	159.975	-17.3811	
-7291.02	-10960.7	160.764	-17.0988	
-7321.88	-11007.1	161.663	-16.8561	
-7352.88	-11053.6	162.553	-16.3912	
-7383.88	-11100.2	163.544	-15.9724	
-7415.01	-11146.9	164.512	-15.3409	
-7446.14	-11193.7	165.571	-14.7653	
-7477.4	-11240.6	166.592	-13.9898	
-7508.66	-11287.6	167.692	-13.2829	
-7540.05	-11334.7	168.738	-12.3918	
-7571.44	-11381.9	169.852	-11.5844	
-7602.96	-11429.1	170.894	-10.6107	
-7634.48	-11476.5	171.992	-9.73751	
-7666.14	-11524	173.002	-8.7174	
-7697.79	-11571.6	174.057	-7.81587	
-7729.57	-11619.3	175.008	-6.78751	
-7761.35	-11667	175.992	-5.89609	
-7793.27	-11714.9	176.859	-4.89797	
-7825.18	-11762.9	177.75	-4.0547	
-7857.22	-11810.9	178.511	-3.12409	
-7889.27	-11859.1	179.289	-2.36509	
-7921.44	-11907.4	179.926	-1.5366	
-7953.62	-11955.7	180.576	-0.894585	
-7985.92	-12004.2	181.077	-0.198765	
-8018.23	-12052.7	181.589	0.298221	
-8050.66	-12101.4	181.947	0.836101	
-8083.1	-12150.1	182.316	1.16582	
-8115.67	-12199	182.529	1.52677	
-8148.23	-12247.9	182.757	1.67368	
-8180.93	-12297	182.83	1.84575	
-8213.63	-12346.1	182.923	1.80161	
-8246.46	-12395.4	182.865	1.78037	
-8279.28	-12444.7	182.837	1.54457	
-8312.24	-12494.2	182.663	1.33326	
-8345.2	-12543.7	182.53	0.912858	
-8378.29	-12593.3	182.26	0.5223	
-8411.38	-12643.1	182.043	-0.068272	
-8444.6	-12692.9	181.701	-0.620143	
-8477.82	-12742.8	181.426	-1.35965	
-8511.17	-12792.9	181.036	-2.04849	
-8544.52	-12843	180.73	-2.90976	
-8578	-12893.2	180.322	-3.70576	
-8611.48	-12943.5	180.012	-4.65674	
-8645.1	-12993.9	179.614	-5.52587	
-8678.71	-13044.5	179.33	-6.53092	
-8712.45	-13095.1	178.971	-7.43624	
-8746.19	-13145.8	178.74	-8.45756	
-8780.07	-13196.6	178.446	-9.3607	
-8813.94	-13247.5	178.294	-10.3598	
-8847.94	-13298.5	178.09	-11.2225	
-8881.95	-13349.6	178.038	-12.1619	
-8916.08	-13400.8	177.944	-12.9476	
-8950.22	-13452.1	178.012	-13.7919	
-8984.48	-13503.5	178.043	-14.467	
-9018.75	-13555	178.244	-15.1849	
-9053.14	-13606.6	178.413	-15.7203	
-9087.54	-13658.3	178.755	-16.2854	
-9122.07	-13710.1	179.067	-16.6576	
-9156.59	-13762	179.553	-17.0495	
-9191.25	-13814	180.007	-17.2415	
-9225.91	-13866.1	180.634	-17.4469	
-9260.7	-13918.2	181.225	-17.4488	
-9295.48	-13970.5	181.984	-17.4616	
-9330.4	-14022.9	182.701	-17.2713	
-9365.32	-14075.4	183.578	-17.0933	
-9400.37	-14128	184.405	-16.7161	
-9435.42	-14180.6	185.381	-16.3565	
-9470.6	-14233.4	186.297	-15.8055	
-9505.78	-14286.3	187.35	-15.2808	
-9541.09	-14339.2	188.331	-14.5757	
-9576.4	-14392.3	189.436	-13.909	
-9611.84	-14445.5	190.454	-13.0759	
-9647.28	-14498.7	191.583	-12.2959	
-9682.86	-14552.1	192.611	-11.3659	
-9718.43	-14605.5	193.734	-10.5058	
-9754.13	-14659.1	194.744	-9.51377	
-9789.83	-14712.7	195.833	-8.61019	
-9825.67	-14766.5	196.796	-7.59353	
-9861.5	-14820.3	197.825	-6.68452	
-9897.46	-14874.3	198.716	-5.68168	
-9933.43	-14928.3	199.659	-4.80562	
-9969.52	-14982.5	200.454	-3.85445	
-10005.6	-15036.7	201.29	-3.04838	
-10041.8	-15091.1	201.97	-2.18467	
-10078.1	-15145.5	202.683	-1.48286	
-10114.4	-15200	203.234	-0.738892	
-10150.8	-15254.7	203.81	-0.171426	
-10187.3	-15309.4	204.222	0.425286	
-10223.8	-15364.2	204.655	0.833657	
-10260.4	-15419.2	204.924	1.26149	
-10297	-15474.2	205.214	1.49236	
-10333.7	-15529.3	205.342	1.73642	
-10370.5	-15584.5	205.492	1.77848	
-10407.4	-15639.8	205.487	1.83119	
-10444.2	-15695.3	205.508	1.68063	
-10481.3	-15750.8	205.382	1.54209	
-10518.3	-15806.4	205.289	1.20279	
-10555.4	-15862.1	205.06	0.880697	
-10592.5	-15917.9	204.873	0.36403	
-10629.8	-15973.8	204.563	-0.126578	
-10667.1	-16029.8	204.306	-0.802152	
-10704.5	-16085.9	203.939	-1.43952	
-10741.9	-16142.1	203.638	-2.24923	
-10779.4	-16198.4	203.242	-3.00575	
-10816.9	-16254.8	202.924	-3.91948	
-10854.6	-16311.3	202.528	-4.76278	
-10892.3	-16367.9	202.223	-5.74628	
-10930.1	-16424.6	201.855	-6.64054	
-10967.9	-16481.4	201.591	-7.6568	
-11005.8	-16538.3	201.278	-8.56415	
-11043.7	-16595.3	201.081	-9.57486	
-11081.8	-16652.3	200.849	-10.4569	
-11119.8	-16709.5	200.742	-11.424	
-11158	-16766.8	200.614	-12.2433	
-11196.2	-16824.2	200.618	-13.1305	
-11234.5	-16881.7	200.61	-13.8522	
-11272.8	-16939.2	200.74	-14.6264	
-11311.3	-16996.9	200.867	-15.2195	
-11349.7	-17054.7	201.134	-15.852	
-11388.3	-17112.5	201.402	-16.2906	
-11426.9	-17170.5	201.812	-16.7586	
-11465.6	-17228.6	202.224	-17.023	
-11504.3	-17286.7	202.776	-17.3101	
-11543.1	-17345	203.328	-17.3873	
-11582	-17403.3	204.016	-17.4844	
-11620.9	-17461.8	204.699	-17.3693	
-11659.9	-17520.3	205.51	-17.2748	
-11699	-17579	206.311	-16.9695	
-11738.1	-17637.7	207.229	-16.6896	
-11777.3	-17696.6	208.129	-16.2041	
-11816.6	-17755.5	209.133	-15.7522	
-11855.9	-17814.6	210.107	-15.1035	
-11895.3	-17873.7	211.173	-14.5001	
-11934.8	-17933	212.198	-13.7117	
-11974.3	-17992.3	213.298	-12.9831	
-12013.9	-18051.7	214.345	-12.0842	
-12053.5	-18111.3	215.452	-11.2619	
-12093.3	-18170.9	216.491	-10.286	
-12133	-18230.6	217.577	-9.40513	
-12172.9	-18290.5	218.581	-8.38858	
-12212.8	-18350.4	219.617	-7.48673	
-12252.8	-18410.4	220.559	-6.46778	
-12292.8	-18470.5	221.52	-5.58326	
-12333	-18530.7	222.375	-4.60012	
-12373.1	-18591.1	223.238	-3.77059	
-12413.4	-18651.5	223.986	-2.86005	
-12453.7	-18712	224.732	-2.12098	
-12494.1	-18772.6	225.356	-1.31692	
-12534.5	-18833.3	225.971	-0.700188	
-12575	-18894.1	226.459	-0.0322084	
-12615.5	-18955	226.934	0.435176	
-12656.2	-19016	227.28	0.942892	
-12696.9	-19077.1	227.612	1.23988	
-12737.7	-19138.3	227.815	1.56956	
-12778.5	-19199.6	228.006	1.68189	
-12819.4	-19261	228.072	1.82285	
-12860.3	-19322.5	228.129	1.74362	
-12901.4	-19384.1	228.068	1.69273	
-12942.5	-19445.8	228.006	1.42267	
-12983.7	-19507.6	227.833	1.18444	
-13024.8	-19569.5	227.669	0.731863	
-13066.2	-19631.4	227.406	0.318288	
-13107.5	-19693.5	227.162	-0.301198	
-13148.9	-19755.7	226.83	-0.87114	
-13190.4	-19818	226.532	-1.63529	
-13232	-19880.4	226.159	-2.33638	
-13273.6	-19942.8	225.834	-3.21719	
-13315.3	-20005.4	225.448	-4.01898	
-13357	-20068.1	225.124	-4.98379	
-13398.8	-20130.8	224.754	-5.85183	
-13440.7	-20193.7	224.46	-6.86466	
-13482.6	-20256.7	224.133	-7.76185	
-13524.6	-20319.7	223.896	-8.78478	
-13566.7	-20382.9	223.638	-9.67286	
-13608.8	-20446.1	223.484	-10.6676	
-13651.1	-20509.5	223.319	-11.5087	
-13693.3	-20572.9	223.268	-12.4381	
-13735.7	-20636.5	223.216	-13.1962	
-13778	-20700.1	223.287	-14.0256	
-13820.5	-20763.9	223.363	-14.668	
-13863	-20827.7	223.568	-15.367	
-13905.7	-20891.7	223.781	-15.8656	
-13948.3	-20955.7	224.128	-16.4087	
-13991	-21019.9	224.484	-16.7412	
-14033.8	-21084.1	224.974	-17.1093	
-14076.7	-21148.4	225.471	-17.26	
-14119.6	-21212.9	226.1	-17.4409	
-14162.6	-21277.4	226.732	-17.4013	
-14205.6	-21342	227.492	-17.3903	
-14248.8	-21406.8	228.246	-17.1595	
-14291.9	-21471.6	229.121	-16.9596	
-14335.2	-21536.5	229.98	-16.5444	
-14378.5	-21601.5	230.951	-16.166	
-14421.9	-21666.6	231.895	-15.5806	
-14465.3	-21731.9	232.939	-15.0412	
-14508.9	-21797.2	233.942	-14.3063	
-14552.4	-21862.6	235.033	-13.63	
-14596.1	-21928.1	236.069	-12.7727	
-14639.7	-21993.7	237.179	-11.9889	
-14683.5	-22059.4	238.219	-11.0407	
-14727.3	-22125.2	239.32	-10.1831	
-14771.3	-22191.1	240.336	-9.17955	
-14815.2	-22257.1	241.4	-8.28475	
-14859.3	-22323.2	242.363	-7.26338	
-14903.3	-22389.4	243.364	-6.36953	
-14947.5	-22455.7	244.25	-5.36863	
-14991.7	-22522.1	245.162	-4.51378	
-15036.1	-22588.6	245.948	-3.57083	
-15080.4	-22655.2	246.752	-2.79147	
-15124.9	-22721.9	247.42	-1.94163	
-15169.3	-22788.7	248.099	-1.27125	
-15213.9	-22855.5	248.635	-0.545984	
-15258.5	-22922.5	249.178	-0.0136903	
-15303.2	-22989.6	249.573	0.560508	
-15347.9	-23056.8	249.974	0.931114	
-15392.8	-23124.1	250.227	1.33377	
-15437.6	-23191.4	250.486	1.52554	
-15482.6	-23258.9	250.598	1.743	
-15527.6	-23326.5	250.721	1.74594	
-15572.7	-23394.1	250.7	1.77194	
-15617.8	-23461.9	250.698	1.58358	
-15663	-23529.8	250.558	1.41949	
-15708.3	-23597.7	250.447	1.04499	
-15753.7	-23665.8	250.208	0.69973	
-15799	-23733.9	250.007	0.151693	
-15844.5	-23802.2	249.69	-0.35859	
-15890	-23870.5	249.425	-1.06065	
-15935.7	-23939	249.055	-1.71324	
-15981.3	-24007.5	248.752	-2.54365	
-16027.1	-24076.2	248.356	-3.31018	
-16072.8	-24144.9	248.043	-4.23815	
-16118.7	-24213.8	247.651	-5.08571	
-16164.6	-24282.7	247.356	-6.07658	
-16210.6	-24351.8	246.996	-6.96903	
-16256.7	-24420.9	246.746	-7.9856	
-16302.8	-24490.1	246.445	-8.88504	
-16349	-24559.5	246.268	-9.8891	
-16395.3	-24628.9	246.05	-10.7574	
-16441.6	-24698.4	245.968	-11.7112	
-16488	-24768.1	245.855	-12.5114	
-16534.4	-24837.8	245.887	-13.3793	
-16580.9	-24907.6	245.896	-14.0771	
-16627.5	-24977.5	246.057	-14.8268	
-16674.2	-25047.5	246.201	-15.3923	
-16720.8	-25117.7	246.501	-15.9961	
-16767.7	-25187.9	246.785	-16.4044	
-16814.5	-25258.2	247.228	-16.8406	
-16861.4	-25328.6	247.655	-17.0732	
-16908.3	-25399.1	248.238	-17.3268	
-16955.4	-25469.7	248.804	-17.372	
-17002.5	-25540.4	249.521	-17.4351	
-17049.7	-25611.2	250.215	-17.2891	
-17096.9	-25682.1	251.054	-17.1615	
-17144.2	-25753.1	251.86	-16.8277	
-17191.5	-25824.2	252.803	-16.5167	
-17239	-25895.4	253.703	-16.0063	
-17286.5	-25966.7	254.728	-15.5267	
-17334.1	-26038.1	255.699	-14.8577	
-17381.7	-26109.6	256.782	-14.2309	
-17429.4	-26181.2	257.797	-13.4277	
-17477.1	-26252.9	258.91	-12.6809	
-17525	-26324.6	259.942	-11.7734	
-17572.8	-26396.5	261.057	-10.9387	
-17620.8	-26468.5	262.077	-9.96074	
-17668.8	-26540.6	263.166	-9.0737	
-17716.9	-26612.8	264.145	-8.06205	
-17765	-26685	265.181	-7.16026	
-17813.3	-26757.4	266.094	-6.15302	
-17861.5	-26829.9	267.05	-5.27468	
-17909.9	-26902.4	267.874	-4.30975	
-17958.3	-26975.1	268.729	-3.49213	
-18006.8	-27047.9	269.442	-2.60572	
-18055.3	-27120.7	270.179	-1.88366	
-18103.9	-27193.7	270.766	-1.10884	
-18152.6	-27266.7	271.37	-0.513376	
-18201.3	-27339.9	271.82	0.121228	
-18250.1	-27413.1	272.284	0.564131	
-18299	-27486.5	272.593	1.03549	
-18347.9	-27559.9	272.913	1.30594	
-18396.9	-27633.5	273.081	1.59754	
-18446	-27707.1	273.262	1.68252	
-18495.1	-27780.9	273.293	1.78501	
-18544.3	-27854.7	273.343	1.67891	
-18593.6	-27928.7	273.251	1.59049	
-18642.9	-28002.7	273.185	1.29529	
-18692.3	-28076.8	272.985	1.02178	
-18741.7	-28151.1	272.82	0.547019	
-18791.3	-28225.4	272.534	0.101605	
-18840.8	-28299.8	272.293	-0.536034	
-18890.5	-28374.4	271.944	-1.13331	
-18940.2	-28449	271.653	-1.91065	
-18990	-28523.7	271.268	-2.63367	
-19039.8	-28598.5	270.955	-3.52198	
-19089.8	-28673.4	270.562	-4.33965	
-19139.7	-28748.5	270.255	-5.30576	
-19189.8	-28823.6	269.883	-6.18319	
-19239.9	-28898.8	269.609	-7.19086	
-19290.1	-28974.1	269.285	-8.09078	
-19340.3	-29049.5	269.072	-9.10212	
-19390.6	-29125	268.823	-9.98635	
-19440.9	-29200.6	268.695	-10.9633	
-19491.4	-29276.3	268.542	-11.7943	
-19541.9	-29352.1	268.52	-12.7003	
-19592.5	-29428	268.483	-13.4427	
-19643.1	-29504	268.584	-14.2438	
-19693.8	-29580.1	268.677	-14.8657	
-19744.5	-29656.3	268.913	-15.5324	
-19795.4	-29732.6	269.145	-16.0066	
-19846.3	-29809	269.522	-16.5146	
-19897.3	-29885.5	269.896	-16.8201	
-19948.2	-29962.1	270.415	-17.1514	
-19999.4	-30038.7	270.93	-17.2736	
-20050.5	-30115.5	271.586	-17.4175	
-20101.7	-30192.4	272.234	-17.3492	
-20153	-30269.4	273.016	-17.3022	
-20204.4	-30346.5	273.785	-17.044	
-20255.8	-30423.6	274.678	-16.8103	
-20307.3	-30500.9	275.549	-16.37	
-20358.8	-30578.3	276.534	-15.9613	
-20410.4	-30655.7	277.485	-15.3543	
-20462.1	-30733.3	278.538	-14.7893	
-20513.8	-30811	279.544	-14.0374	
-20565.6	-30888.7	280.638	-13.3409	
-20617.5	-30966.6	281.673	-12.4718	
-20669.4	-31044.5	282.782	-11.674	
-20721.5	-31122.6	283.816	-10.7199	
-20773.5	-31200.7	284.91	-9.85496	
-20825.7	-31279	285.917	-8.85168	
-20877.8	-31357.3	286.967	-7.95643	
-20930.1	-31435.8	287.919	-6.94157	
-20982.4	-31514.3	288.901	-6.05407	
-21034.9	-31593	289.772	-5.06573	
-21087.3	-31671.7	290.662	-4.22372	
-21139.8	-31750.6	291.43	-3.29893	
-21192.4	-31829.5	292.209	-2.53835	
-21245.1	-31908.5	292.858	-1.71161	
-21297.8	-31987.7	293.509	-1.06514	
-21350.6	-32066.9	294.025	-0.367007	
-21403.4	-32146.2	294.539	0.13722	
-21456.4	-32225.7	294.915	0.681298	
-21509.3	-32305.2	295.287	1.02082	
-21562.4	-32384.8	295.52	1.39155	
-21615.5	-32464.5	295.751	1.55047	
-21668.7	-32544.3	295.846	1.7355	
-21721.9	-32624.3	295.942	1.70511	
-21775.3	-32704.3	295.908	1.69946	
-21828.6	-32784.4	295.881	1.47862	
-21882.1	-32864.6	295.732	1.28493	
-21935.5	-32944.9	295.599	0.880075	
-21989.1	-33025.3	295.354	0.50849	
-22042.7	-33105.8	295.137	-0.0666109	
-22096.5	-33186.4	294.818	-0.59886	
-22150.2	-33267.1	294.54	-1.32365	
-22204.1	-33347.9	294.175	-1.99293	
-22257.9	-33428.8	293.863	-2.8409	
-22311.9	-33509.8	293.477	-3.6181	
-22365.9	-33590.9	293.159	-4.55782	
-22420.1	-33672.1	292.782	-5.40955	
-22474.2	-33753.4	292.487	-6.40595	
-22528.5	-33834.8	292.147	-7.29583	
-22582.7	-33916.3	291.902	-8.31159	
-22637.1	-33997.8	291.624	-9.20174	
-22691.5	-34079.5	291.456	-10.1988	
-22746	-34161.3	291.265	-11.0513	
-22800.5	-34243.2	291.194	-11.9922	
-22855.2	-34325.2	291.111	-12.7708	
-22909.8	-34407.2	291.157	-13.6205	
-22964.6	-34489.4	291.198	-14.2916	
-23019.4	-34571.7	291.375	-15.0187	
-23074.3	-34654	291.551	-15.5532	
-23129.2	-34736.5	291.867	-16.1311	
-23184.2	-34819.1	292.184	-16.5053	
-23239.3	-34901.7	292.642	-16.9134	
-23294.5	-34984.5	293.102	-17.1101	
-23349.6	-35067.3	293.699	-17.3344	
-23404.9	-35150.3	294.295	-17.3433	
-23460.2	-35233.3	295.024	-17.3775	
-23515.7	-35316.5	295.745	-17.1958	
-23571.1	-35399.7	296.592	-17.0409	
-23626.7	-35483.1	297.422	-16.6736	
-23682.2	-35566.5	298.371	-16.3381	
-23737.9	-35650.1	299.29	-15.7974	
-23793.6	-35733.7	300.316	-15.2972	
-23849.4	-35817.5	301.301	-14.6023	
-23905.3	-35901.3	302.381	-13.9598	
-23961.2	-35985.2	303.405	-13.136	
-24017.2	-36069.3	304.511	-12.3791	
-24073.3	-36153.4	305.546	-11.4569	
-24129.4	-36237.6	306.649	-10.6182	
-24185.6	-36322	307.668	-9.63197	
-24241.8	-36406.4	308.74	-8.74739	
-24298.1	-36490.9	309.714	-7.73407	
-24354.5	-36575.5	310.729	-6.84122	
-24411	-36660.2	311.632	-5.83884	
-24467.4	-36745.1	312.565	-4.97569	
-24524.1	-36830	313.374	-4.02183	
-24580.7	-36915	314.203	-3.22518	
-24637.4	-37000.1	314.9	-2.35547	
-24694.1	-37085.3	315.608	-1.65945	
-24751	-37170.6	316.176	-0.906178	
-24807.9	-37256	316.752	-0.340894	
-24864.9	-37341.5	317.182	0.268297	
-24921.9	-37427.1	317.617	0.677954	
-24979	-37512.8	317.905	1.12117	
-25036.1	-37598.6	318.199	1.35652	
-25093.4	-37684.5	318.346	1.61847	
-25150.7	-37770.5	318.502	1.66779	
-25208.1	-37856.6	318.516	1.74043	
-25265.5	-37942.8	318.544	1.59941	
-25323	-38029.1	318.437	1.48223	
-25380.5	-38115.5	318.352	1.15416	
-25438.2	-38201.9	318.14	0.854206	
-25495.8	-38288.5	317.961	0.349844	
-25553.6	-38375.2	317.666	-0.118547	
-25611.4	-38462	317.417	-0.781429	
-25669.3	-38548.9	317.063	-1.39721	
-25727.2	-38635.8	316.769	-2.19451	
-25785.3	-38722.9	316.384	-2.93076	
-25843.3	-38810.1	316.072	-3.83303	
-25901.5	-38897.3	315.684	-4.65804	
-25959.7	-38984.7	315.383	-5.63163	
-26018	-39072.2	315.02	-6.51016	
-26076.3	-39159.7	314.759	-7.51858	
-26134.7	-39247.4	314.447	-8.41326	
-26193.2	-39335.1	314.251	-9.41865	
-26251.7	-39423	314.017	-10.2915	
-26310.3	-39510.9	313.91	-11.2561	
-26369	-39599	313.776	-12.0699	
-26427.7	-39687.1	313.777	-12.9576	
-26486.5	-39775.4	313.761	-13.6777	
-26545.4	-39863.7	313.888	-14.4555	
-26604.3	-39952.2	314.002	-15.0508	
-26663.3	-40040.7	314.265	-15.6899	
-26722.4	-40129.4	314.518	-16.1344	
-26781.5	-40218.1	314.922	-16.6118	
-26840.7	-40306.9	315.318	-16.8854	
-26899.9	-40395.9	315.863	-17.1844	
-26959.3	-40484.9	316.397	-17.274	
-27018.6	-40574	317.078	-17.3849	
-27078.1	-40663.3	317.742	-17.2846	
-27137.6	-40752.6	318.547	-17.2054	
-27197.2	-40842	319.328	-16.9169	
-27256.8	-40931.5	320.241	-16.6531	
-27316.6	-41021.1	321.12	-16.1857	
-27376.3	-41110.9	322.12	-15.7501	
-27436.2	-41200.7	323.075	-15.12	
-27496.1	-41290.6	324.139	-14.5324	
-27556.1	-41380.6	325.145	-13.7625	
-27616.1	-41470.7	326.245	-13.0485	
-27676.2	-41560.9	327.274	-12.1672	
-27736.3	-41651.2	328.384	-11.3578	
-27796.6	-41741.6	329.408	-10.3979	
-27856.9	-41832.1	330.499	-9.52755	
-27917.3	-41922.7	331.489	-8.52509	
-27977.7	-42013.4	332.533	-7.63082	
-28038.2	-42104.2	333.464	-6.62344	
-28098.7	-42195.1	334.436	-5.74322	
-28159.4	-42286.1	335.283	-4.76876	
-28220.1	-42377.2	336.159	-3.93999	
-28280.9	-42468.4	336.901	-3.03501	
-28341.6	-42559.7	337.662	-2.29302	
-28402.6	-42651	338.282	-1.49127	
-28463.5	-42742.5	338.916	-0.867944	
-28524.5	-42834.1	339.402	-0.199073	
-28585.6	-42925.8	339.897	0.278457	
-28646.8	-43017.6	340.243	0.790104	
-28708	-43109.4	340.596	1.10051	
-28769.3	-43201.4	340.801	1.43687	
-28830.6	-43293.5	341.014	1.5655	
-28892	-43385.6	341.082	1.71547	
-28953.5	-43477.9	341.163	1.65492	
-29015	-43570.3	341.104	1.61487	
-29076.6	-43662.7	341.066	1.36526	
-29138.3	-43755.3	340.895	1.13911	
-29200	-43847.9	340.754	0.708112	
-29261.9	-43940.7	340.492	0.307221	
-29323.7	-44033.5	340.27	-0.290267	
-29385.7	-44126.5	339.94	-0.847591	
-29447.6	-44219.5	339.662	-1.59003	
-29509.7	-44312.7	339.288	-2.27924	
-29571.8	-44405.9	338.981	-3.13933	
-29634.1	-44499.3	338.593	-3.93062	
-29696.3	-44592.7	338.285	-4.87637	
-29758.6	-44686.3	337.911	-5.73586	
-29821	-44779.9	337.63	-6.73186	
-29883.5	-44873.6	337.296	-7.62297	
-29946	-44967.5	337.07	-8.63183	
-30008.6	-45061.4	336.804	-9.5167	
-30071.2	-45155.4	336.656	-10.5005	
-30134	-45249.6	336.481	-11.3416	
-30196.7	-45343.8	336.434	-12.2634	
-30259.6	-45438.1	336.37	-13.0248	
-30322.5	-45532.5	336.442	-13.8503	
-30385.5	-45627	336.503	-14.4994	
-30448.5	-45721.7	336.707	-15.1979	
-30511.7	-45816.4	336.904	-15.7064	
-30574.8	-45911.2	337.247	-16.2525	
-30638.1	-46006.1	337.586	-16.598	
-30701.3	-46101.1	338.071	-16.9722	
-30764.7	-46196.2	338.55	-17.1384	
-30828.1	-46291.4	339.173	-17.3282	
-30891.7	-46386.7	339.787	-17.3064	
-30955.2	-46482.1	340.538	-17.3065	
-31018.9	-46577.6	341.275	-17.0951	
-31082.5	-46673.2	342.141	-16.9079	
-31146.3	-46768.9	342.984	-16.5131	
-31210.1	-46864.7	343.946	-16.1484	
-31274.1	-46960.6	344.875	-15.5836	
-31338	-47056.6	345.91	-15.0583	
-31402.1	-47152.7	346.9	-14.3437	
-31466.1	-47248.9	347.984	-13.6812	
-31530.3	-47345.1	349.009	-12.843	
-31594.5	-47441.5	350.113	-12.0719	
-31658.8	-47538	351.145	-11.1411	
-31723.1	-47634.6	352.242	-10.2947	
-31787.6	-47731.3	353.252	-9.30616	
-31852	-47828	354.313	-8.42041	
-31916.6	-47924.9	355.275	-7.41118	
-31981.2	-48021.9	356.274	-6.52379	
-32045.9	-48118.9	357.161	-5.53175	
-32110.6	-48216.1	358.075	-4.68044	
-32175.4	-48313.4	358.865	-3.7428	
-32240.3	-48410.7	359.672	-2.96386	
-32305.3	-48508.2	360.347	-2.11564	
-32370.2	-48605.7	361.031	-1.44247	
-32435.3	-48703.4	361.577	-0.715107	
-32500.4	-48801.1	362.126	-0.176881	
