1	1	2	2
1.10616	1.09143	2.10665	2.08796
1.18407	1.17594	2.16911	2.15294
1.31616	1.26424	2.2808	2.21318
1.37832	1.33117	2.30973	2.24064
1.53286	1.42649	2.38901	2.23411
1.57743	1.46517	2.34124	2.20826
1.72403	1.54246	2.42577	2.16892
1.75913	1.56467	2.30323	2.09067
1.93477	1.64564	2.37868	2.02703
1.97575	1.65839	2.1986	1.91744
2.21609	1.80418	2.20452	1.75595
2.07128	1.80937	2.14953	1.59192
2.34553	1.8355	2.0879	1.50069
1.94867	1.76791	2.21965	1.34905
2.31566	1.72664	2.0588	1.27563
1.77811	1.63073	2.22267	1.06091
2.26435	1.56344	1.94375	0.990074
1.60642	1.44863	2.15322	0.726833
2.16393	1.32949	1.78287	0.673129
1.38755	1.18736	2.03627	0.396495
2.00242	1.03669	1.64618	0.399984
1.15859	0.889543	1.90172	0.0868048
1.77485	0.674838	1.51	0.154785
0.882207	0.508116	1.78389	-0.152157
1.42377	0.165498	1.45576	0.00764557
0.633607	0.0323422	1.54215	-0.352501
1.06702	-0.414199	1.37992	-0.0507695
0.339781	-0.50295	1.33775	-0.461498
0.807862	-1.02692	1.16673	-0.0326676
-0.0130071	-1.12425	1.20913	-0.403515
0.47472	-1.69903	1.04588	0.129165
-0.365552	-1.74345	1.11827	-0.238004
0.101434	-2.36669	1.00361	0.382079
-0.7509	-2.34453	1.1233	0.0311172
-0.342599	-3.04231	1.06003	0.742
-1.18506	-2.95048	1.20234	0.39021
-0.830086	-3.71613	1.22825	1.2189
-1.64801	-3.561	1.36814	0.857211
-1.37588	-4.40824	1.52841	1.81918
-2.1145	-4.13979	1.6277	1.41311
-1.93595	-5.0458	1.92807	2.49213
-2.56861	-4.65398	1.96464	2.0226
-2.52212	-5.63607	2.39932	3.16654
-3.00882	-5.09487	2.29696	2.60083
-3.09035	-6.1396	2.92903	3.8594
-3.40365	-5.431	2.69254	3.20543
-3.62523	-6.54468	3.5009	4.55358
-3.74262	-5.66942	3.10631	3.77248
-4.11547	-6.84994	4.06819	5.18036
-4.02203	-5.78892	3.52826	4.28729
-4.51427	-7.00151	4.64576	5.73476
-4.20812	-5.75804	3.90308	4.69113
-4.83157	-7.00796	5.18088	6.17814
-4.28002	-5.56874	4.22512	4.98445
-5.04766	-6.85533	5.65841	6.50012
-4.22292	-5.2335	4.47757	5.15645
-5.18169	-6.58235	6.07467	6.71095
-4.05582	-4.76347	4.64424	5.18643
-5.20854	-6.17716	6.37196	6.74304
-3.76011	-4.14434	4.66569	5.04929
-5.10784	-5.63662	6.59507	6.646
-3.3495	-3.40812	4.57481	4.76549
-4.9174	-5.01207	6.70243	6.39826
-2.85602	-2.61446	4.3562	4.31408
-4.64926	-4.33181	6.67945	5.99756
-2.26457	-1.75483	4.03426	3.75217
-4.26721	-3.57344	6.5531	5.48931
-1.57389	-0.847902	3.60242	3.09713
-3.83412	-2.80936	6.34301	4.92253
-0.821826	0.0623432	3.10364	2.41212
-3.32736	-2.02251	6.08153	4.35198
0.0251661	1.00258	2.5779	1.72181
-2.76514	-1.25374	5.74168	3.73878
0.880156	1.87942	2.03445	1.06287
-2.19398	-0.546155	5.40125	3.15512
1.72696	2.6487	1.45231	0.410257
-1.68469	0.0113248	5.0303	2.58775
2.51698	3.25313	0.853921	-0.22851
-1.24803	0.388428	4.61831	2.03191
3.20301	3.64944	0.254901	-0.810945
-0.957991	0.543105	4.2327	1.55738
3.77626	3.85731	-0.303469	-1.29018
-0.775293	0.52647	3.88988	1.17426
4.23354	3.8903	-0.818017	-1.66734
-0.698502	0.329104	3.6011	0.899385
4.54044	3.72986	-1.29444	-1.97946
-0.740933	-0.0386539	3.29047	0.648173
4.69183	3.39249	-1.74354	-2.2125
-0.906159	-0.538649	3.05686	0.510934
4.73036	2.93868	-2.11434	-2.32049
-1.18207	-1.13563	2.89106	0.493658
4.65095	2.38506	-2.37325	-2.27679
-1.57903	-1.8323	2.83736	0.631839
4.43796	1.72017	-2.51149	-2.07289
-2.10682	-2.63051	2.88145	0.929507
4.10348	0.964369	-2.50308	-1.67253
-2.73467	-3.49581	3.0623	1.39194
3.69923	0.180656	-2.38432	-1.1447
-3.42158	-4.35867	3.34515	1.97235
3.24065	-0.61093	-2.16665	-0.514462
-4.17531	-5.23382	3.74041	2.66213
2.7337	-1.36643	-1.82549	0.221609
-4.91143	-6.02274	4.22379	3.42753
2.2285	-2.02988	-1.3836	1.02474
-5.60742	-6.69099	4.76812	4.21965
1.73311	-2.60687	-0.865804	1.85431
-6.27678	-7.2656	5.35585	5.01564
1.25408	-3.07192	-0.284736	2.68131
-6.85906	-7.68213	5.98658	5.80385
0.827459	-3.40089	0.364404	3.50006
-7.3584	-7.95527	6.63114	6.54723
0.464458	-3.58913	1.04009	4.27771
-7.74681	-8.05291	7.28026	7.23319
0.214395	-3.60438	1.70734	4.98654
-8.01536	-7.98386	7.90363	7.84585
0.0663892	-3.47073	2.37364	5.60779
-8.16276	-7.77846	8.46397	8.32429
-0.0189853	-3.2336	2.98643	6.08842
-8.1983	-7.42967	8.93946	8.63892
0.0406198	-2.81138	3.50965	6.38348
-8.07694	-6.9015	9.28217	8.75156
0.211434	-2.26914	3.91587	6.47626
-7.854	-6.26754	9.47923	8.6601
0.514583	-1.5995	4.20985	6.40101
-7.48725	-5.52059	9.54763	8.40402
0.900302	-0.870109	4.40582	6.16922
-7.04541	-4.72712	9.47007	7.93886
1.34579	-0.0930956	4.40576	5.69023
-6.47957	-3.84508	9.1932	7.25688
1.87786	0.731456	4.25224	5.04267
-5.86941	-2.96007	8.77964	6.43608
2.45156	1.55156	4.00045	4.29179
-5.19722	-2.08115	8.26249	5.51206
3.056	2.31925	3.64583	3.44712
-4.53989	-1.30163	7.6507	4.51214
3.64441	3.00521	3.1656	2.50438
-3.85835	-0.626306	6.90516	3.45821
4.14302	3.50961	2.63146	1.56387
-3.25833	-0.127813	6.09751	2.42086
4.56145	3.84549	2.03391	0.64711
-2.7174	0.233921	5.24315	1.42915
4.91539	4.03813	1.40947	-0.178881
-2.27995	0.413787	4.41537	0.566766
5.14322	4.03305	0.8198	-0.865122
-1.96139	0.401121	3.6469	-0.142173
5.24173	3.83827	0.293538	-1.39818
-1.77418	0.206799	2.94186	-0.690968
5.22646	3.50092	-0.144759	-1.75325
-1.69514	-0.134184	2.33866	-1.05616
5.05277	2.98455	-0.505517	-1.96503
-1.78389	-0.646806	1.80346	-1.28238
4.75605	2.33615	-0.773004	-2.02142
-1.97769	-1.27759	1.40112	-1.31144
4.33516	1.57552	-0.894748	-1.8793
-2.27155	-2.00022	1.12187	-1.17685
3.82317	0.737966	-0.907854	-1.58698
-2.64941	-2.77921	0.989687	-0.861732
3.22277	-0.152282	-0.765992	-1.10627
-3.10936	-3.59325	1.00169	-0.378351
2.55638	-1.06415	-0.499198	-0.485362
-3.64697	-4.43592	1.15521	0.263143
1.8578	-1.94731	-0.0963766	0.271046
-4.19067	-5.22125	1.42715	1.01925
1.13674	-2.78329	0.449692	1.14647
-4.78164	-5.96163	1.82677	1.862
0.419327	-3.54129	1.07704	2.05959
-5.38485	-6.62094	2.30694	2.7231
-0.272627	-4.18506	1.7569	2.97578
-5.94482	-7.14779	2.84232	3.57365
-0.913105	-4.6872	2.45762	3.86018
-6.42409	-7.49454	3.40834	4.38393
-1.40959	-4.95688	3.15036	4.65929
-6.77795	-7.62518	3.97469	5.1101
-1.7807	-5.02256	3.82184	5.35399
-7.02337	-7.57898	4.53329	5.73473
-2.03486	-4.91083	4.46698	5.94285
-7.14353	-7.33586	5.05663	6.22517
-2.12481	-4.57463	4.9838	6.33627
-7.09043	-6.89021	5.50103	6.55401
-2.08084	-4.06032	5.42116	6.5759
-6.88097	-6.25339	5.84598	6.71948
-1.8487	-3.33404	5.77358	6.65976
-6.4889	-5.43544	6.10853	6.71862
-1.48251	-2.47215	6.00328	6.55282
-5.95581	-4.5044	6.24954	6.52687
-0.992238	-1.51255	6.08288	6.24732
-5.29529	-3.48964	6.24134	6.15127
-0.399567	-0.491263	6.03453	5.78873
-4.53467	-2.41496	6.10448	5.63752
0.28485	0.563849	5.86466	5.19546
-3.71392	-1.34897	5.82943	4.97949
1.01829	1.59244	5.56067	4.46461
-2.85551	-0.325945	5.42901	4.20702
1.7871	2.57316	5.11701	3.63221
-1.9591	0.65078	4.93365	3.37188
2.56102	3.45276	4.58388	2.77075
-1.11533	1.46698	4.36359	2.53084
3.26827	4.15174	3.99413	1.91604
-0.364384	2.06996	3.75237	1.7114
3.86612	4.63181	3.34676	1.08742
0.290037	2.46893	3.12647	0.954386
4.39405	4.93385	2.6962	0.352668
0.864265	2.67116	2.54917	0.34314
4.78066	4.99512	2.10053	-0.242275
1.26676	2.6199	2.01357	-0.13482
5.0111	4.83273	1.55971	-0.697012
1.52858	2.36336	1.56619	-0.461692
5.10063	4.46981	1.08801	-1.00264
1.63074	1.8872	1.19275	-0.64031
5.0023	3.85435	0.707205	-1.16161
1.52112	1.15951	0.899535	-0.679212
4.73965	3.03917	0.415105	-1.17129
1.22411	0.233646	0.732888	-0.545609
4.28147	2.02654	0.257993	-1.00088
0.736636	-0.873252	0.699625	-0.240065
3.64952	0.880599	0.216024	-0.680524
0.104954	-2.07074	0.776231	0.196
2.89373	-0.339137	0.276075	-0.237873
-0.665308	-3.32561	0.968207	0.751834
2.06155	-1.56861	0.430803	0.310759
-1.52985	-4.59459	1.27214	1.42287
1.1611	-2.77746	0.694672	0.952073
-2.4536	-5.80316	1.65575	2.15111
0.260105	-3.88388	1.01848	1.64561
-3.39113	-6.90393	2.14357	2.93887
-0.611683	-4.85604	1.38969	2.35775
-4.28531	-7.84371	2.69429	3.74068
-1.40918	-5.63908	1.82004	3.08542
-5.10185	-8.58151	3.31434	4.54622
-2.10092	-6.2163	2.26254	3.78518
-5.81766	-9.11278	3.97828	5.33928
-2.67446	-6.57096	2.71586	4.43838
-6.3852	-9.40958	4.64033	6.08573
-3.13124	-6.71608	3.18041	5.04048
-6.82851	-9.5058	5.28068	6.74356
-3.47093	-6.6659	3.61388	5.54514
-7.12076	-9.36859	5.89932	7.31229
-3.6194	-6.34652	4.02692	5.95237
-7.22269	-8.95987	6.44634	7.73704
-3.5812	-5.7733	4.36601	6.22496
-7.15863	-8.33083	6.9434	8.04535
-3.37562	-5.00221	4.63552	6.38103
-6.93585	-7.53089	7.37507	8.23159
-3.01999	-4.08006	4.81217	6.39424
-6.56037	-6.57064	7.71222	8.26743
-2.46553	-2.99364	4.87755	6.25084
-6.03607	-5.50564	7.96248	8.188
-1.78582	-1.8218	4.87787	6.00495
-5.38258	-4.3645	8.11532	7.98062
-0.992315	-0.604774	4.78113	5.63653
-4.65706	-3.2081	8.15756	7.64222
-0.119891	0.624825	4.56843	5.14379
-3.83811	-2.03113	8.05689	7.1898
0.831876	1.8413	4.25724	4.5867
-2.98268	-0.913967	7.88837	6.70236
1.78981	2.97312	3.894	4.0149
-2.12796	0.0937681	7.66475	6.18598
2.71693	3.97333	3.4947	3.43545
-1.30646	0.962852	7.40557	5.66183
3.5959	4.80811	3.05367	2.87059
-0.562016	1.6447	7.14851	5.1993
4.40335	5.46206	2.60449	2.35074
0.109969	2.15369	6.84984	4.75813
5.14449	5.9439	2.13076	1.85943
0.667838	2.44404	6.53745	4.36572
5.73706	6.19255	1.67323	1.44369
1.09904	2.514	6.2419	4.05399
6.19156	6.20843	1.25858	1.11926
1.36818	2.35109	5.95566	3.82168
6.48907	6.00293	0.887625	0.905874
1.47506	1.97934	5.74184	3.70815
6.64161	5.61558	0.585016	0.803614
1.41531	1.41117	5.57112	3.69813
6.60238	4.99772	0.371279	0.826012
1.12574	0.604543	5.47767	3.78929
6.36995	4.18489	0.202303	0.947153
0.680707	-0.362193	5.48445	4.01535
5.97212	3.21951	0.130953	1.18819
0.0666474	-1.46094	5.56331	4.34494
5.43896	2.15155	0.151251	1.54775
-0.684077	-2.63903	5.73558	4.78444
4.81294	1.05253	0.262633	2.01201
-1.51136	-3.81587	6.00653	5.32864
4.12981	-0.0388964	0.465158	2.57483
-2.43651	-4.99954	6.37013	5.96403
3.36352	-1.13208	0.764575	3.21648
-3.44193	-6.18899	6.82791	6.64974
2.52617	-2.19331	1.11962	3.8696
-4.45516	-7.29623	7.33956	7.33378
1.69745	-3.14591	1.52514	4.52857
-5.45223	-8.26251	7.91835	8.04827
0.929095	-3.93529	2.00439	5.21485
-6.40667	-9.07474	8.54111	8.77331
0.22135	-4.54586	2.54455	5.87786
-7.2556	-9.65887	9.14937	9.42786
-0.35315	-4.91961	3.08067	6.46343
-7.97854	-9.98815	9.73175	9.98715
-0.75147	-5.02987	3.61025	6.9826
-8.54325	-10.0642	10.2815	10.462
-0.96735	-4.86991	4.11233	7.40467
-8.92264	-9.89524	10.7613	10.8169
-1.03824	-4.49967	4.57913	7.70811
-9.13686	-9.48426	11.1404	11.0127
-0.905074	-3.86451	4.95624	7.85767
-9.14214	-8.83003	11.4358	11.0662
-0.607091	-3.04347	5.24858	7.88476
-8.96056	-7.99025	11.669	11.0096
-0.118997	-2.0418	5.44277	7.74332
-8.59286	-6.98149	11.7297	10.7327
0.537851	-0.884928	5.51398	7.44118
-8.04484	-5.82996	11.6897	10.3242
1.32606	0.341641	5.45389	6.98106
-7.38974	-4.64875	11.4952	9.74627
2.19427	1.57052	5.25512	6.38108
-6.65877	-3.46588	11.1866	9.06127
3.14158	2.80178	4.94853	5.68723
-5.83693	-2.28478	10.7645	8.27761
4.13531	3.97933	4.52799	4.89817
-4.99401	-1.19076	10.2631	7.4331
5.16453	5.0673	4.02064	4.06553
-4.14152	-0.206331	9.70563	6.59999
6.16423	5.99584	3.49237	3.26775
-3.36161	0.570614	9.08383	5.78426
7.04811	6.68713	2.92039	2.52237
-2.69213	1.1156	8.4904	5.05112
7.79907	7.13373	2.33123	1.8426
-2.1587	1.40932	7.90544	4.40387
8.38501	7.3235	1.76382	1.24965
-1.76245	1.46604	7.33105	3.84856
8.79832	7.25147	1.2403	0.768434
-1.54691	1.26201	6.78666	3.40453
9.03489	6.92059	0.785716	0.427647
-1.52385	0.808617	6.32444	3.11813
9.1067	6.38549	0.437055	0.249464
-1.64599	0.17372	5.96827	2.98871
9.02547	5.68531	0.196457	0.235712
-1.90677	-0.612276	5.71419	2.99939
8.77893	4.81675	0.0303795	0.333608
-2.33344	-1.555	5.55449	3.14008
8.38041	3.81246	-0.0146337	0.574151
-2.87649	-2.60863	5.50837	3.4148
7.83826	2.71374	0.0542366	0.933049
-3.51854	-3.71946	5.57317	3.80579
7.18587	1.55624	0.211595	1.39173
-4.26366	-4.88348	5.7161	4.28013
6.42624	0.351255	0.423746	1.91674
-5.10467	-6.09605	5.93574	4.82418
5.53368	-0.888222	0.708591	2.49022
-5.99236	-7.27507	6.20795	5.41189
4.58874	-2.06737	1.09709	3.13561
-6.8828	-8.3299	6.56065	6.03815
3.66032	-3.11839	1.50852	3.77698
-7.78258	-9.27983	6.95578	6.67777
2.75482	-4.02217	1.99551	4.45762
-8.61016	-10.0406	7.40502	7.32349
1.93198	-4.72103	2.52483	5.12085
-9.34044	-10.6126	7.89487	7.959
1.17967	-5.22642	3.09206	5.75363
-9.93774	-10.9394	8.38187	8.52153
0.60048	-5.4503	3.63902	6.3074
-10.355	-10.9948	8.85345	8.99609
0.167468	-5.42921	4.12231	6.73668
-10.597	-10.796	9.26412	9.35486
-0.0830721	-5.15762	4.56328	7.05488
-10.6663	-10.3679	9.60987	9.59183
-0.16625	-4.65084	4.94089	7.24502
-10.5319	-9.68265	9.87126	9.67917
-0.057352	-3.91573	5.21453	7.26666
-10.206	-8.79183	10.0334	9.60291
0.241772	-2.99266	5.39551	7.14189
-9.70607	-7.72968	10.0961	9.38777
0.727517	-1.91344	5.49054	6.88263
-9.06976	-6.57464	10.0676	9.04877
1.31788	-0.778024	5.50968	6.51839
-8.32254	-5.35705	9.93195	8.59059
2.03683	0.404802	5.41544	6.04537
-7.50207	-4.154	9.7083	8.03957
2.81015	1.56795	5.20479	5.44453
-6.59868	-2.96702	9.35227	7.34892
3.63661	2.69196	4.86502	4.71853
-5.65225	-1.8297	8.87899	6.55159
4.48856	3.73471	4.39553	3.89221
-4.69795	-0.790443	8.31802	5.7188
5.36591	4.67517	3.87517	3.06977
-3.79576	0.0750364	7.70187	4.89816
6.1577	5.39983	3.31497	2.28885
-2.99468	0.700979	7.092	4.13753
6.8049	5.86954	2.72442	1.55328
-2.32461	1.09322	6.49911	3.45602
7.3145	6.10028	2.1515	0.907373
-1.82397	1.24041	5.95578	2.88875
7.68151	6.11269	1.6185	0.375724
-1.48993	1.16159	5.47674	2.44542
7.88218	5.89351	1.12884	-0.049183
-1.33652	0.842205	5.05861	2.1256
7.90198	5.44368	0.708277	-0.340402
-1.35412	0.322844	4.70674	1.9269
7.76035	4.80225	0.334507	-0.519939
-1.55615	-0.389273	4.4237	1.86233
7.46171	4.00488	0.0403627	-0.558884
-1.90085	-1.23663	4.20768	1.92246
7.0043	3.07562	-0.168381	-0.460239
-2.37501	-2.19493	4.09975	2.15127
6.41333	2.03856	-0.234491	-0.16962
-2.97353	-3.2337	4.13908	2.5582
5.73893	0.961107	-0.184746	0.263701
-3.65705	-4.28524	4.2923	3.09908
5.01033	-0.0839938	-0.0200737	0.814472
-4.36883	-5.28086	4.55377	3.74461
4.24569	-1.0722	0.254127	1.44395
-5.11851	-6.20746	4.87286	4.42472
3.48811	-1.97105	0.60019	2.12827
-5.87447	-7.02731	5.30856	5.18945
2.76628	-2.72184	1.02669	2.85749
-6.56714	-7.68389	5.80115	5.98102
2.10446	-3.31477	1.52668	3.62302
-7.18158	-8.19442	6.34485	6.78346
1.51854	-3.76117	2.07183	4.39044
-7.70832	-8.54564	6.93181	7.58683
1.02801	-4.04468	2.66992	5.15823
-8.13967	-8.73635	7.55238	8.35369
0.616984	-4.16943	3.27	5.85826
-8.46445	-8.75203	8.15852	9.01153
0.297791	-4.12114	3.80801	6.41917
-8.66928	-8.57959	8.74609	9.56271
0.0910394	-3.8974	4.29984	6.86387
-8.74297	-8.20697	9.27932	9.98529
0.0521302	-3.4507	4.70807	7.16737
-8.61964	-7.61161	9.75357	10.2763
0.181473	-2.81842	5.04162	7.33298
-8.32894	-6.83294	10.1406	10.4362
0.490682	-2.00617	5.29665	7.36552
-7.88734	-5.92563	10.4381	10.4558
0.911719	-1.10416	5.42735	7.23831
-7.33497	-4.94254	10.6245	10.3306
1.44475	-0.154317	5.44979	6.99285
-6.71743	-3.94668	10.7255	10.1036
2.04985	0.825755	5.37342	6.6451
-5.96584	-2.88996	10.7527	9.78101
2.74824	1.85862	5.20609	6.18169
-5.11615	-1.81603	10.6741	9.33979
3.47678	2.84365	4.93512	5.59958
-4.26401	-0.828042	10.4644	8.77399
4.17779	3.68744	4.57658	4.94047
-3.46666	0.0115434	10.1644	8.12368
4.83742	4.39734	4.11023	4.19857
-2.8694	0.444039	9.91263	7.65605
5.00019	4.52981	4.0217	3.8644
-2.43845	0.61931	9.7188	7.29967
5.07536	4.4978	3.91291	3.55772
-2.08794	0.687716	9.48518	6.92044
5.0637	4.36374	3.78414	3.23369
-1.80453	0.649251	9.20516	6.51278
4.95447	4.1129	3.61503	2.87258
-1.60067	0.511311	8.86733	6.07164
4.76107	3.7503	3.43083	2.50756
-1.49762	0.267644	8.49384	5.62692
4.50657	3.31394	3.23356	2.16254
-1.4543	-0.0534868	8.1135	5.20262
4.18381	2.80375	3.01274	1.81949
-1.49029	-0.445549	7.72509	4.81037
3.80759	2.25918	2.83258	1.55393
-1.57621	-0.875152	7.37142	4.49982
3.34439	1.65137	2.71424	1.39503
-1.75325	-1.36153	7.10896	4.30826
2.83693	1.03322	2.65052	1.32877
-1.9582	-1.84132	6.92339	4.22404
2.30465	0.42727	2.65835	1.35286
-2.17733	-2.29834	6.79302	4.20309
1.77846	-0.133076	2.69685	1.41488
-2.41883	-2.72744	6.68621	4.20665
1.25316	-0.649683	2.75274	1.50184
-2.64367	-3.10541	6.6212	4.25525
0.732298	-1.12513	2.86436	1.64457
-2.86819	-3.42893	6.59292	4.35802
0.284019	-1.49294	3.02322	1.84452
-3.04459	-3.66296	6.59781	4.48974
-0.111431	-1.75701	3.1872	2.03181
-3.17053	-3.8101	6.59481	4.6014
-0.461124	-1.94307	3.36123	2.21221
-3.26094	-3.887	6.59314	4.72362
-0.760774	-2.05445	3.57216	2.43035
-3.31732	-3.91629	6.61458	4.87025
-1.03862	-2.12507	3.81634	2.67746
-3.34289	-3.89122	6.67768	5.03845
-1.27503	-2.13576	4.05874	2.91792
-3.34379	-3.83431	6.76721	5.21485
-1.4915	-2.10598	4.30383	3.14542
-3.29381	-3.69931	6.83888	5.36561
-1.63683	-1.99702	4.54975	3.35629
-3.19481	-3.49812	6.90057	5.47616
-1.71213	-1.79166	4.7619	3.50764
-3.00403	-3.17827	6.94058	5.52961
-1.67154	-1.46296	4.95454	3.61266
-2.74823	-2.79202	6.96976	5.54522
-1.59743	-1.09534	5.09704	3.65585
-2.42913	-2.34555	6.98859	5.52565
-1.46941	-0.685214	5.18624	3.60984
-2.09465	-1.88139	6.90427	5.39157
-1.28041	-0.246583	5.22464	3.50867
-1.74401	-1.42777	6.82561	5.25029
-1.06422	0.193658	5.23606	3.37188
-1.35717	-0.969055	6.6869	5.05266
-0.805503	0.635145	5.21427	3.2036
-0.972408	-0.538132	6.5361	4.83676
-0.533957	1.05407	5.16039	3.01062
-0.587907	-0.123034	6.37244	4.60848
-0.230566	1.49038	5.08723	2.8105
-0.169288	0.306867	6.22632	4.39929
0.0828978	1.9032	4.99314	2.58407
0.23104	0.693955	6.00771	4.12655
0.419807	2.29609	4.85745	2.33556
0.631381	1.04783	5.79791	3.87373
0.754503	2.63642	4.70288	2.09211
0.991822	1.30748	5.56914	3.61013
1.03903	2.87325	4.51213	1.83841
1.29167	1.45487	5.34262	3.37517
1.28203	3.00536	4.33092	1.61619
1.51629	1.4779	5.10845	3.16635
1.46021	3.01974	4.17099	1.44518
1.6677	1.39129	4.91627	3.01892
1.5805	2.9424	4.02017	1.32043
1.74707	1.20283	4.76866	2.94007
1.62122	2.7469	3.91983	1.27491
1.72936	0.891545	4.66431	2.93569
1.58584	2.44204	3.86106	1.29924
1.61966	0.464709	4.62492	3.01818
1.44957	2.02287	3.85224	1.37085
1.41073	-0.0526749	4.5862	3.10037
1.25001	1.52087	3.85441	1.44871
1.06408	-0.69429	4.56219	3.20053
0.94078	0.916979	3.88815	1.54888
0.625171	-1.42051	4.5547	3.33291
0.533038	0.219912	3.96011	1.69981
0.0805194	-2.23186	4.57768	3.49894
0.0520015	-0.525724	4.05719	1.86242
-0.521084	-3.04262	4.61744	3.67954
-0.425164	-1.23385	4.19702	2.06514
-1.154	-3.8369	4.70016	3.89453
-0.954615	-1.93878	4.36571	2.28942
-1.81033	-4.59411	4.78579	4.10781
-1.47292	-2.56247	4.51807	2.49036
-2.44488	-5.24934	4.87379	4.30976
-1.94975	-3.07237	4.64778	2.66695
-3.02938	-5.79444	4.96601	4.51777
-2.3821	-3.47437	4.79633	2.8723
-3.55939	-6.21446	5.10534	4.76777
-2.70735	-3.714	4.95794	3.10246
-3.98921	-6.47147	5.28789	5.05612
-2.9502	-3.81445	5.16133	3.36862
-4.34022	-6.57944	5.4911	5.35921
-3.0837	-3.75841	5.35521	3.61592
-4.59156	-6.5443	5.7051	5.65622
-3.11609	-3.54952	5.56524	3.87282
-4.74477	-6.36221	5.97857	5.98172
-3.04094	-3.18469	5.7909	4.12698
-4.76796	-6.01086	6.27858	6.3011
-2.86047	-2.69743	5.99814	4.35333
-4.69653	-5.55408	6.6069	6.6282
-2.57972	-2.11459	6.23968	4.59205
-4.52929	-5.00679	6.94529	6.92312
-2.19766	-1.43088	6.43269	4.75625
-4.26417	-4.37065	7.28388	7.17546
-1.73807	-0.696295	6.61747	4.88473
-3.92211	-3.70531	7.61677	7.37415
-1.21692	0.0558799	6.73307	4.92654
-3.51352	-3.0191	7.91151	7.47629
-0.654229	0.796955	6.75724	4.84781
-3.08819	-2.37007	8.158	7.49585
-0.103742	1.48954	6.7426	4.69812
-2.6521	-1.75508	8.34661	7.43719
0.452832	2.15339	6.64359	4.44017
-2.21762	-1.18753	8.44649	7.26786
0.958968	2.70734	6.47254	4.10666
-1.82731	-0.70092	8.49302	7.03328
1.50622	3.24784	6.22536	3.69194
-1.42296	-0.264811	8.45921	6.70288
2.01188	3.68433	5.88572	3.19916
-1.07467	0.0547408	8.35795	6.3074
2.46696	4.0017	5.45259	2.63665
-0.810338	0.238773	8.18087	5.86256
2.82597	4.18196	4.96267	2.0458
-0.633876	0.280481	7.95135	5.4005
3.06859	4.22213	4.44518	1.46916
-0.504838	0.231798	7.70944	4.93459
3.23059	4.15305	3.86802	0.884205
-0.461589	0.0897097	7.47054	4.49603
3.31695	3.98605	3.26262	0.304115
-0.521254	-0.173261	7.20851	4.07393
3.31565	3.70355	2.64961	-0.228993
-0.669308	-0.559502	6.9607	3.7051
3.20062	3.30234	2.01627	-0.707699
-0.90181	-1.02727	6.75776	3.43537
3.00417	2.83152	1.43192	-1.08042
-1.20902	-1.55882	6.6129	3.27831
2.74408	2.31906	0.931259	-1.30606
-1.56277	-2.12205	6.58108	3.29391
2.42264	1.78458	0.541759	-1.38283
-1.94273	-2.66596	6.62868	3.42707
2.10388	1.28178	0.256366	-1.33147
-2.34274	-3.19533	6.757	3.65547
1.75376	0.780241	0.0499841	-1.16803
-2.76455	-3.70307	7.00021	4.01229
1.40957	0.31959	-0.0488232	-0.8887
-3.21143	-4.17811	7.32125	4.46275
1.06774	-0.0892803	-0.0625405	-0.529133
-3.64273	-4.58689	7.69345	4.93986
0.726487	-0.449325	-0.0483806	-0.156797
-4.08389	-4.93277	8.11865	5.44589
0.419625	-0.720228	0.0211333	0.255667
-4.46196	-5.15883	8.57658	5.95881
0.189108	-0.857342	0.103784	0.642786
-4.74002	-5.25464	9.02108	6.44059
0.0431598	-0.875605	0.224517	1.02546
-4.9402	-5.23846	9.47173	6.90134
-0.0174242	-0.775457	0.358897	1.38707
-5.03402	-5.09849	9.92747	7.3467
-0.0164534	-0.582696	0.511775	1.72802
-5.06484	-4.88032	10.3345	7.69777
0.0408309	-0.325392	0.634075	1.99738
-5.0396	-4.58422	10.7198	7.97873
0.166051	0.0233673	0.750276	2.19609
-4.92452	-4.17213	11.0677	8.19027
0.388141	0.494941	0.861838	2.35099
-4.70811	-3.64891	11.3944	8.36086
0.680871	1.04437	0.965805	2.47836
-4.43472	-3.08146	11.6871	8.49301
1.02759	1.64292	1.0714	2.58906
-4.06589	-2.4409	11.9497	8.58773
1.4547	2.30362	1.16312	2.66805
-3.5966	-1.7414	12.1571	8.61823
1.95934	2.99249	1.18575	2.64533
-3.07862	-1.1164	12.2707	8.60459
2.37835	3.51918	1.26291	2.68795
-2.59652	-0.611149	12.3975	8.61849
2.76113	3.92274	1.32704	2.72019
-2.14206	-0.182507	12.4831	8.59412
3.15133	4.28516	1.41399	2.7513
-1.70203	0.164909	12.5642	8.56426
3.46736	4.53457	1.52335	2.78757
-1.31434	0.401503	12.6234	8.51779
3.71972	4.65159	1.63267	2.8005
-1.01774	0.488547	12.6337	8.41132
3.87741	4.60267	1.70149	2.75443
-0.828528	0.421858	12.591	8.25348
3.96794	4.44282	1.74017	2.66271
-0.726558	0.242106	12.5083	8.06647
3.95	4.17316	1.77355	2.55394
-0.709389	-0.0440688	12.3782	7.82898
3.83043	3.79977	1.76307	2.40991
-0.780579	-0.438321	12.2371	7.57808
3.59708	3.29991	1.73197	2.24001
-0.95949	-0.951129	12.0417	7.28414
3.22433	2.69432	1.67003	2.04276
-1.19856	-1.4967	11.8206	6.9844
2.79819	2.06953	1.57789	1.8319
-1.48784	-2.05526	11.5443	6.66905
2.31565	1.43068	1.46688	1.63897
-1.82226	-2.6023	11.2843	6.4119
1.83284	0.835482	1.38972	1.51552
-2.18947	-3.11738	11.0441	6.21316
1.3387	0.306804	1.36844	1.47031
-2.51501	-3.5328	10.8358	6.08098
0.864074	-0.157396	1.37582	1.49484
-2.87961	-3.93744	10.6858	6.03065
0.374777	-0.602944	1.42045	1.58257
-3.26645	-4.30817	10.5705	6.04221
-0.0756103	-0.94768	1.51432	1.72612
-3.57906	-4.54827	10.4796	6.09348
-0.464738	-1.17889	1.63714	1.91093
-3.839	-4.69308	10.4316	6.18872
-0.798885	-1.302	1.77256	2.11909
-4.02317	-4.71922	10.4091	6.32686
-1.05092	-1.29441	1.965	2.39197
-4.09491	-4.58333	10.4322	6.52897
-1.20327	-1.16518	2.19991	2.71335
-4.1321	-4.37239	10.4842	6.77019
-1.26436	-0.925721	2.49565	3.09491
-4.08803	-4.05705	10.5855	7.05392
-1.22618	-0.579954	2.82003	3.49053
-3.97692	-3.6644	10.7004	7.33288
-1.12029	-0.164337	3.15643	3.85357
-3.78995	-3.19237	10.7975	7.56573
-0.929538	0.328568	3.4947	4.1772
-3.56264	-2.67119	10.8898	7.762
-0.667806	0.879118	3.85403	4.48398
-3.28995	-2.11235	10.9691	7.92647
-0.341779	1.4749	4.21248	4.77371
-2.95547	-1.52735	11.0806	8.09484
0.0192171	2.07535	4.56056	5.02486
-2.58608	-0.929137	11.154	8.18948
0.452685	2.70745	4.88196	5.20695
-2.16717	-0.32083	11.2209	8.23274
0.931048	3.32956	5.15731	5.29725
-1.73008	0.25604	11.2186	8.16927
1.4271	3.92837	5.37757	5.3017
-1.25395	0.832157	11.1866	8.05385
1.93014	4.48781	5.56151	5.24413
-0.804606	1.33903	11.0885	7.86021
2.42173	4.97965	5.68651	5.11654
-0.377736	1.76497	10.9182	7.59567
2.89716	5.39715	5.73424	4.91045
0.00868697	2.07424	10.6803	7.25967
3.28365	5.65872	5.72815	4.65481
0.300848	2.21684	10.4109	6.89275
3.569	5.75341	5.68674	4.36344
0.483572	2.21003	10.1052	6.50456
3.76069	5.72083	5.59447	4.02969
0.573565	2.08955	9.73847	6.0685
3.86408	5.58795	5.44509	3.67501
0.582201	1.84847	9.32996	5.63341
3.85929	5.32068	5.30324	3.35676
0.508083	1.48984	8.93924	5.25774
3.73195	4.91382	5.17154	3.09278
0.350334	1.01915	8.57542	4.93767
3.4989	4.3773	5.05115	2.87398
0.0896605	0.438317	8.22583	4.66542
3.18185	3.76386	4.94367	2.69709
-0.248645	-0.215352	7.89828	4.45595
2.78107	3.10347	4.86856	2.59628
-0.619524	-0.863899	7.62677	4.34023
2.33959	2.4469	4.84438	2.58333
-1.02494	-1.50177	7.39707	4.29388
1.8802	1.82414	4.83776	2.62393
-1.43017	-2.09395	7.22116	4.31281
1.40995	1.23708	4.84834	2.71169
-1.85181	-2.66639	7.08558	4.38768
0.915807	0.657315	4.89006	2.84
-2.29041	-3.21291	6.99267	4.5198
0.434466	0.138444	4.99063	3.04463
-2.71227	-3.69103	6.96155	4.72294
-0.0462706	-0.325818	5.15805	3.31383
-3.14457	-4.11577	6.98691	4.99285
-0.50067	-0.705742	5.38396	3.64631
-3.52958	-4.42799	7.08093	5.33016
-0.867374	-0.937559	5.65659	4.02782
-3.83384	-4.59252	7.20379	5.688
-1.15298	-1.01482	5.94365	4.42809
-4.035	-4.59347	7.38583	6.09698
-1.3403	-0.93459	6.27078	4.86268
-4.13323	-4.43061	7.58123	6.49896
-1.4105	-0.689639	6.59025	5.29275
-4.14845	-4.14971	7.83036	6.93835
-1.4096	-0.339661	6.94343	5.7365
-4.05114	-3.73131	8.12033	7.37547
-1.29278	0.165571	7.28942	6.13597
-3.79016	-3.12783	8.42847	7.76959
-1.02936	0.828402	7.62032	6.47405
-3.3936	-2.40832	8.73016	8.11087
-0.675972	1.55858	7.94143	6.75678
-2.90419	-1.61696	9.02061	8.39165
-0.195562	2.37851	8.22257	6.9723
-2.31445	-0.758393	9.28706	8.60657
0.360287	3.23548	8.47522	7.1257
-1.67188	0.102572	9.53159	8.75353
0.938723	4.07187	8.66231	7.18073
-1.00099	0.940525	9.72256	8.80573
1.55632	4.86168	8.78348	7.11856
-0.357406	1.68588	9.80224	8.69703
2.16704	5.5594	8.78287	6.90447
0.252966	2.32044	9.79783	8.4702
2.75416	6.1504	8.69586	6.59234
0.82577	2.84104	9.73573	8.15696
3.29259	6.61444	8.51877	6.18752
1.32541	3.20478	9.62578	7.77094
3.74705	6.89682	8.26792	5.69091
1.70426	3.36756	9.42218	7.29989
4.09045	7.01315	7.94499	5.12247
1.99526	3.3859	9.12502	6.74459
4.33087	6.98418	7.52802	4.51406
2.18875	3.28038	8.80725	6.20145
4.48059	6.83184	7.05905	3.87932
2.28477	3.04956	8.42364	5.64147
4.53579	6.57005	6.57548	3.2536
2.24953	2.69201	7.9951	5.07525
4.47398	6.19356	6.06934	2.65483
2.11704	2.23981	7.55922	4.53577
4.33161	5.75243	5.54259	2.08515
1.93867	1.75051	7.12258	4.04424
4.12986	5.2631	5.01321	1.58118
1.67857	1.20568	6.72262	3.63292
3.85843	4.73972	4.48125	1.14424
1.37005	0.639611	6.35725	3.31765
3.52125	4.17548	4.00954	0.815084
0.991833	0.0357154	6.05134	3.11137
3.14148	3.59978	3.59021	0.601417
0.580935	-0.556778	5.8343	3.05646
2.75218	3.05414	3.3062	0.572155
0.157131	-1.10829	5.73051	3.15609
2.34171	2.53608	3.13282	0.687823
-0.292196	-1.63009	5.74379	3.3916
1.93459	2.07926	3.04343	0.918377
-0.72034	-2.06587	5.84786	3.73745
1.56025	1.71197	3.05078	1.25431
-1.14695	-2.44053	6.05495	4.18949
1.22926	1.45044	3.16054	1.68666
-1.50525	-2.69342	6.35646	4.72409
0.947146	1.27813	3.34576	2.17831
-1.84146	-2.88563	6.73193	5.30832
0.707654	1.18013	3.58991	2.72372
-2.11335	-2.97748	7.18841	5.92975
0.537226	1.17954	3.85045	3.24845
-2.34307	-2.99802	7.66653	6.53066
0.422282	1.25159	4.1271	3.756
-2.52357	-2.93762	8.15249	7.0979
0.389423	1.41729	4.39432	4.22944
-2.63729	-2.78659	8.67264	7.65623
0.444547	1.66737	4.66599	4.6596
-2.70939	-2.56275	9.1657	8.16561
0.611719	2.03255	4.9651	5.08351
-2.70336	-2.25782	9.70316	8.67102
0.854372	2.48017	5.28623	5.48067
-2.60752	-1.84459	10.2367	9.12964
1.1994	3.0321	5.59651	5.79489
-2.43971	-1.3596	10.6888	9.46937
1.62222	3.64033	5.85566	6.02626
-2.23072	-0.846832	11.092	9.71767
2.0936	4.28108	6.04624	6.14969
-1.96043	-0.296264	11.4138	9.84952
2.63332	4.95681	6.17767	6.17792
-1.6499	0.272825	11.6587	9.86884
3.1926	5.61121	6.25798	6.10602
-1.32455	0.816226	11.8338	9.78845
3.75516	6.22172	6.26154	5.92472
-1.01001	1.30455	11.891	9.56744
4.31271	6.76886	6.14801	5.61352
-0.72308	1.71596	11.8435	9.25542
4.85269	7.23491	5.98368	5.25613
-0.472641	2.02926	11.7237	8.8788
5.34173	7.59388	5.73684	4.82569
-0.26856	2.24394	11.543	8.46796
5.75718	7.82901	5.46785	4.40281
-0.12784	2.33607	11.3371	8.06987
6.08102	7.92447	5.18825	4.00244
-0.0492612	2.32357	11.1155	7.69779
6.34515	7.92654	4.90124	3.62438
-0.031084	2.2111	10.8712	7.32983
6.53306	7.824	4.58616	3.2535
-0.0943929	1.99412	10.6167	7.01131
6.64187	7.61921	4.31066	2.96305
-0.221723	1.69063	10.3591	6.73864
6.67275	7.32972	4.05773	2.74177
-0.407157	1.30649	10.1226	6.53537
6.58642	6.92279	3.83949	2.59664
-0.710185	0.821408	9.93741	6.41767
6.43124	6.46441	3.65792	2.50878
-1.05591	0.320538	9.79226	6.36865
6.22861	5.99578	3.56622	2.52475
-1.44802	-0.203053	9.72661	6.40626
5.96562	5.51497	3.52992	2.61
-1.84333	-0.692053	9.71828	6.51867
5.68959	5.07002	3.55577	2.76421
-2.2143	-1.12608	9.7432	6.68248
5.39165	4.62722	3.63454	2.97081
-2.62324	-1.56444	9.79388	6.85952
5.09092	4.20585	3.74001	3.1851
-3.02056	-1.95076	9.86077	7.03422
4.8188	3.86084	3.88674	3.41633
-3.38794	-2.2575	10.0046	7.25865
4.57093	3.59508	4.10687	3.69569
-3.75478	-2.42353	10.2139	7.42553
4.44134	3.53953	4.26014	3.82989
-4.00377	-2.40197	10.37	7.49059
4.37676	3.62901	4.42093	3.90555
-4.1433	-2.23671	10.4839	7.50311
4.4215	3.86993	4.55041	3.9135
-4.16405	-1.93252	10.5046	7.41227
4.57298	4.23404	4.6268	3.85725
-4.07044	-1.50591	10.4832	7.28268
4.81828	4.70556	4.68117	3.76406
-3.85483	-0.975112	10.3799	7.08278
5.11742	5.22667	4.68924	3.60058
-3.56386	-0.403012	10.2034	6.8061
5.44986	5.76033	4.6394	3.37849
-3.23429	0.189547	9.98195	6.48467
5.831	6.32286	4.57513	3.13153
-2.83669	0.813463	9.72283	6.13961
6.22976	6.88849	4.49873	2.87527
-2.36408	1.46155	9.43206	5.7921
6.65335	7.42738	4.41522	2.63047
-1.88642	2.06864	9.08527	5.43043
7.11152	7.94967	4.28637	2.38946
-1.37507	2.6588	8.73848	5.11334
7.56668	8.42853	4.16118	2.19153
-0.881204	3.1859	8.40342	4.85526
7.98594	8.84016	4.06822	2.06683
-0.396781	3.64144	8.12844	4.67741
8.36163	9.17072	4.00233	1.99591
0.0688311	4.01877	7.89187	4.56461
8.68807	9.41976	3.9767	1.98271
0.516188	4.33503	7.68946	4.52716
8.9756	9.58088	4.03944	2.07241
0.925294	4.55484	7.57345	4.59114
9.22089	9.6458	4.18639	2.26254
1.27154	4.65124	7.53558	4.73603
9.36508	9.56035	4.38734	2.51178
1.54149	4.62415	7.54822	4.93916
9.42223	9.35458	4.65016	2.82196
1.73493	4.46998	7.60521	5.1847
9.38892	9.02844	4.95016	3.16186
1.85297	4.21973	7.69032	5.4357
9.27177	8.61809	5.24776	3.47768
1.90766	3.87174	7.78899	5.69635
9.01287	8.07043	5.57959	3.80265
1.85863	3.4044	7.87149	5.9262
8.63537	7.38835	5.89642	4.09453
1.66993	2.80105	7.9437	6.11486
8.15849	6.6235	6.19517	4.33874
1.40912	2.12933	8.00471	6.24765
7.57972	5.78659	6.46183	4.53108
1.05903	1.40683	8.06733	6.33229
6.9522	4.94782	6.68778	4.63386
0.661531	0.709768	8.09832	6.34692
6.29129	4.1597	6.87757	4.67587
0.297382	0.113758	8.08865	6.28907
5.65421	3.46944	6.98813	4.63261
-0.0765975	-0.426723	8.05327	6.19038
5.03117	2.8719	7.05124	4.53521
-0.392068	-0.836036	7.97841	6.02177
4.46119	2.39659	7.05156	4.37596
-0.675729	-1.13055	7.90619	5.84778
3.9483	2.04309	7.05625	4.2068
-0.908208	-1.3277	7.8123	5.64925
3.46662	1.78323	6.99904	3.98871
-1.07553	-1.39214	7.68183	5.40501
3.10111	1.68562	6.8609	3.72125
-1.14643	-1.32093	7.55431	5.17143
2.8295	1.72688	6.69448	3.43644
-1.12792	-1.14428	7.38705	4.9148
2.60908	1.85737	6.51507	3.1512
-1.02243	-0.825094	7.22313	4.66052
2.55095	2.16718	6.307	2.84678
-0.809146	-0.384785	7.0338	4.39117
2.56347	2.56041	6.09464	2.55565
-0.512059	0.119919	6.88459	4.19121
2.63534	3.02317	5.9227	2.33565
-0.127399	0.721568	6.75204	4.04473
2.81423	3.57264	5.75264	2.16713
0.320477	1.38679	6.66407	3.95334
3.08538	4.17946	5.55748	1.99657
0.795423	2.03121	6.57609	3.86898
3.36344	4.74624	5.33541	1.8323
1.27362	2.6322	6.49914	3.80212
3.66681	5.28418	5.10964	1.68101
1.75447	3.19682	6.40701	3.74968
3.98765	5.79688	4.89318	1.57566
2.24627	3.73106	6.3726	3.77754
4.33401	6.29254	4.72642	1.55193
2.73181	4.22432	6.41069	3.89824
4.68059	6.74236	4.62679	1.61243
3.2036	4.66206	6.50854	4.08921
5.02758	7.15006	4.58157	1.7403
3.64877	5.02014	6.66134	4.33346
5.32912	7.46195	4.56842	1.91027
4.0667	5.29127	6.87249	4.6331
5.58442	7.66953	4.60107	2.13099
4.42234	5.43949	7.14054	4.99056
5.77721	7.75248	4.67894	2.38704
4.69341	5.46643	7.42919	5.36726
5.91009	7.73211	4.80142	2.68313
4.87452	5.36876	7.73403	5.75176
5.94726	7.58292	4.94594	2.99794
4.96179	5.1464	8.08086	6.15187
5.88084	7.31116	5.09912	3.30639
4.94116	4.80746	8.4302	6.54399
5.72095	6.93059	5.28129	3.61895
4.80309	4.35424	8.78589	6.93331
5.48696	6.46438	5.48871	3.94505
4.57659	3.81584	9.13809	7.30262
5.16468	5.91526	5.66362	4.22777
4.26238	3.20272	9.47213	7.64182
4.77207	5.31417	5.86609	4.51179
3.86358	2.53389	9.79665	7.9457
4.336	4.70037	6.0654	4.77255
3.42917	1.87351	10.1277	8.21953
3.8922	4.12164	6.22497	4.96955
2.99827	1.25249	10.4249	8.43552
3.42756	3.55056	6.34699	5.11673
2.51355	0.638766	10.701	8.6
2.97422	3.03198	6.41641	5.18415
2.01904	0.0962671	10.904	8.65511
2.54769	2.60589	6.39171	5.13352
1.52943	-0.377543	11.0401	8.62429
2.13515	2.25406	6.30397	5.00542
1.07728	-0.742086	11.1156	8.51919
1.83764	2.05336	6.17466	4.83288
0.694274	-0.965977	11.1559	8.39007
1.64087	1.99234	6.03798	4.65159
0.368193	-1.08278	11.1487	8.23313
1.51566	2.0355	5.87536	4.4656
0.0972773	-1.09394	11.1255	8.0641
1.48187	2.21795	5.66971	4.25541
-0.0797352	-0.972953	11.07	7.88464
1.52204	2.49327	5.47078	4.05006
-0.199761	-0.75898	10.9925	7.67534
1.6751	2.89858	5.22473	3.80459
-0.194687	-0.395105	10.8932	7.45734
1.95457	3.42694	4.97419	3.55988
-0.101497	0.0522863	10.7638	7.22913
