1	1	2	2	
1.10677	1.05277	2.09823	1.94923	
1.07057	1.00397	1.91464	1.79026	
1.05932	0.869292	1.87615	1.54266	
0.882988	0.629196	1.53065	1.18417	
0.748091	0.314456	1.34515	0.747542	
0.434262	-0.102453	0.826683	0.198916	
0.194315	-0.56736	0.471222	-0.426488	
-0.162495	-1.0773	-0.311431	-1.21074	
-0.630637	-1.75112	-0.706476	-1.92232	
-1.19564	-2.49099	-1.57319	-2.75409	
-1.87824	-3.32095	-2.00304	-3.54883	
-2.6774	-4.27992	-2.90185	-4.37685	
-3.16319	-4.91741	-3.74874	-5.53787	
-4.02932	-5.9245	-4.81081	-6.46261	
-4.61752	-6.63692	-5.7372	-7.64999	
-5.56086	-7.71024	-6.90761	-8.57717	
-6.28931	-8.50384	-7.82955	-9.70797	
-7.29243	-9.60268	-9.07412	-10.5995	
-8.136	-10.4394	-9.9648	-11.634	
-9.17217	-11.5239	-11.2538	-12.4515	
-10.1059	-12.3643	-12.0824	-13.3535	
-11.1463	-13.395	-13.3854	-14.0618	
-12.1434	-14.2004	-14.1217	-14.7993	
-13.1579	-15.1394	-15.4093	-15.368	
-14.1903	-15.8734	-16.0249	-15.9148	
-15.1487	-16.6857	-17.2697	-16.3201	
-16.188	-17.3153	-17.7397	-16.6571	
-17.0607	-17.97	-18.918	-16.8826	
-18.0795	-18.4665	-19.222	-16.9986	
-18.8387	-18.9382	-20.3144	-17.0358	
-19.8111	-19.279	-20.4375	-16.928	
-20.4323	-19.5493	-21.4297	-16.7762	
-21.3365	-19.7192	-21.362	-16.4493	
-21.7994	-19.778	-22.2448	-16.1151	
-22.6182	-19.7702	-21.9819	-15.5813	
-22.9081	-19.6156	-22.7516	-15.0787	
-23.6295	-19.431	-22.2951	-14.3575	
-23.737	-19.0689	-22.9539	-13.7077	
-24.3543	-18.7164	-22.3115	-12.8258	
-24.2759	-18.1601	-22.8676	-12.0566	
-24.7882	-17.6557	-22.0531	-11.0465	
-24.5263	-16.9257	-22.52	-10.191	
-24.938	-16.2917	-21.5528	-9.09005	
-24.5011	-15.4148	-21.949	-8.18531	
-24.8222	-14.6795	-20.8532	-7.034	
-24.224	-13.6877	-21.2013	-6.11946	
-24.4695	-12.8838	-20.0048	-4.96	
-23.7289	-11.8131	-20.3306	-4.07587	
-23.918	-10.9766	-19.0643	-2.95045	
-23.0583	-9.86565	-19.3957	-2.13606	
-23.214	-9.03423	-18.0921	-1.08521	
-22.2618	-7.92278	-18.4576	-0.377421	
-22.4095	-7.13447	-17.1496	0.56157	
-21.3938	-6.0618	-17.5777	1.12991	
-21.5607	-5.3533	-16.2975	1.92442	
-20.5117	-4.35674	-16.8148	2.32581	
-20.7253	-3.76195	-15.5925	2.94918	
-19.6735	-2.87539	-16.2233	3.16259	
-19.9606	-2.42405	-15.086	3.59513	
-18.9353	-1.6766	-15.8504	3.6069	
-19.3211	-1.39307	-14.8209	3.8366	
-18.3494	-0.807956	-15.7349	3.64101	
-18.8559	-0.710158	-14.8312	3.66401	
-17.9617	-0.303821	-15.9052	3.26351	
-18.6072	-0.402513	-15.1397	3.08418	
-17.8102	-0.183921	-16.3784	2.48931	
-18.6084	-0.4821	-15.7576	2.11991	
-17.9232	-0.452327	-17.1601	1.34879	
-18.8819	-0.944582	-16.6848	0.808461	
-18.3166	-1.09629	-18.2449	-0.114392	
-19.4354	-1.76398	-17.9125	-0.805465	
-18.9838	-2.07733	-19.6271	-1.85452	
-20.2884	-2.89428	-19.3974	-2.6709	
-19.9018	-3.32845	-21.2944	-3.82986	
-21.4042	-4.28964	-21.1298	-4.71432	
-21.1145	-4.89506	-23.1463	-5.86623	
-22.8656	-6.01592	-22.9604	-6.73281	
-22.6068	-6.70542	-25.1221	-7.89152	
-24.5659	-7.92703	-24.9115	-8.72328	
-24.3194	-8.64798	-27.1893	-9.86424	
-26.4572	-9.92671	-26.9325	-10.6265	
-26.2007	-10.6379	-29.2952	-11.713	
-28.4851	-11.9299	-28.9689	-12.3721	
-28.1956	-12.5914	-31.3827	-13.3684	
-30.5913	-13.8532	-30.9641	-13.8942	
-30.245	-14.4257	-33.3945	-14.7694	
-32.7129	-15.6146	-32.8642	-15.1375	
-32.2855	-16.0595	-35.2784	-15.8681	
-34.7824	-17.1341	-34.6237	-16.0623	
-34.2508	-17.4197	-36.9912	-16.6287	
-36.7353	-18.3445	-36.2014	-16.6388	
-36.0803	-18.4506	-38.493	-17.0223	
-38.5185	-19.1996	-37.5567	-16.8418	
-37.7231	-19.1131	-39.7487	-17.0313	
-40.0864	-19.6684	-38.6572	-16.6607	
-39.1364	-19.382	-40.7321	-16.654	
-41.4008	-19.7336	-39.4818	-16.1013	
-40.2865	-19.2472	-41.4279	-15.9049	
-42.4336	-19.3933	-40.0205	-15.1853	
-41.1505	-18.7147	-41.8321	-14.8134	
-43.1675	-18.6618	-40.2748	-13.9487	
-41.7172	-17.8062	-41.952	-13.4224	
-43.5972	-17.5687	-40.2579	-12.4407	
-41.9871	-16.5586	-41.8062	-11.7867	
-43.7293	-16.1578	-39.9936	-10.7212	
-41.9729	-15.0222	-41.4239	-9.97099	
-43.5823	-14.4855	-39.5158	-8.85882	
-41.6984	-13.2588	-40.8436	-8.04724	
-43.1856	-12.6184	-38.8671	-6.92778	
-41.1983	-11.3391	-40.1115	-6.0916	
-42.5783	-10.631	-38.097	-5.00527	
-40.5158	-9.34018	-39.2801	-4.18158	
-41.8081	-8.60228	-37.2597	-3.16815	
-39.7017	-7.34208	-38.4056	-2.39286	
-40.9288	-6.61289	-36.4125	-1.48994	
-38.8123	-5.42492	-37.5458	-0.796296	
-39.9984	-4.74181	-35.613	-0.0378568	
-37.9065	-3.66552	-36.758	0.544925	
-39.0771	-3.06319	-34.9171	1.1298	
-37.0442	-2.13438	-36.0966	1.57775	
-38.2242	-1.64344	-34.3767	1.96602	
-36.2834	-0.892799	-35.6111	2.26133	
-37.4963	-0.538436	-34.0375	2.4368	
-35.6778	0.00964332	-35.344	2.56858	
-36.9447	0.208839	-33.9376	2.52243	
-35.2746	0.537374	-35.3296	2.48693	
-36.6132	0.570518	-34.106	2.21766	
-35.1115	0.671039	-35.5936	2.01804	
-36.5362	0.536218	-34.5616	1.53073	
-35.2135	0.410308	-36.1534	1.17569	
-36.74	0.111272	-35.3096	0.485187	
-35.5972	-0.230921	-37.013	-0.00997744	
-37.2389	-0.689979	-36.3445	-0.874551	
-36.2777	-1.24061	-38.1543	-1.4781	
-38.0405	-1.84715	-37.6444	-2.4826	
-37.265	-2.60385	-39.5412	-3.14476	
-39.163	-3.34564	-39.1539	-4.24318	
-38.5558	-4.27045	-41.1295	-4.93932	
-40.576	-5.11362	-40.845	-6.09809	
-40.1186	-6.16249	-42.8823	-6.8017	
-42.2405	-7.06826	-42.6799	-7.98563	
-41.9117	-8.1983	-44.7559	-8.66393	
-44.1101	-9.12549	-44.612	-9.83662	
-43.8862	-10.2934	-46.7001	-10.4551	
-46.1319	-11.1994	-46.5894	-11.5811	
-45.9869	-12.3611	-48.6603	-12.107	
-48.2469	-13.203	-48.5581	-13.1537	
-48.1543	-14.3119	-50.5813	-13.561	
-50.3875	-15.045	-50.4699	-14.5032	
-50.3157	-16.0473	-52.4195	-14.78	
-52.4672	-16.6228	-52.2962	-15.6049	
-52.3919	-17.4865	-54.1415	-15.7271	
-54.4222	-17.8706	-53.9918	-16.4178	
-54.3215	-18.5777	-55.7043	-16.359	
-56.2012	-18.7479	-55.5092	-16.9003	
-56.0534	-19.2834	-57.0668	-16.6449	
-57.7581	-19.2244	-56.8098	-17.0283	
-57.5437	-19.5784	-58.1963	-16.5704	
-59.0543	-19.2834	-57.865	-16.7946	
-58.758	-19.4531	-59.0698	-16.1367	
-60.0611	-18.9236	-58.6562	-16.2075	
-59.6728	-18.914	-59.6746	-15.3597	
-60.7612	-18.16	-59.176	-15.2897	
-60.2763	-17.9837	-60.009	-14.2693	
-61.1493	-17.0234	-59.4278	-14.0775	
-60.5691	-16.7006	-60.0818	-12.908	
-61.2323	-15.5591	-59.4256	-12.6192	
-60.564	-15.1166	-59.9128	-11.3295	
-61.0294	-13.8255	-59.1938	-10.9728	
-60.2859	-13.2957	-59.5311	-9.59598	
-60.5711	-11.8918	-58.7659	-9.20415	
-59.7701	-11.3112	-58.9746	-7.77604	
-59.898	-9.83466	-58.1835	-7.38384	
-59.0615	-9.24256	-58.2883	-5.94186	
-59.0589	-7.7359	-57.4941	-5.58472	
-58.2123	-7.1727	-57.5225	-4.16631	
-58.1095	-5.67866	-56.7499	-3.87894	
-57.28	-5.18418	-56.7309	-2.52018	
-57.1093	-3.74419	-56.0054	-2.33518	
-56.3251	-3.3559	-55.9691	-1.06952	
-56.1193	-2.00824	-55.3158	-1.01625	
-55.4072	-1.75929	-55.2925	0.126354	
-55.1985	-0.53716	-54.7357	0.0225506	
-54.5798	-0.453171	-54.7584	1.01494	
-54.3977	0.617924	-54.3206	0.732416	
-53.8339	0.533825	-54.4768	1.53736	
-53.7242	1.43256	-54.1584	1.06361	
-53.3084	1.10182	-54.3968	1.73337	
-53.3068	1.79846	-54.2	1.07888	
-53.069	1.21532	-54.5236	1.60803	
-53.1949	1.70497	-54.4576	0.773849	
-53.1458	0.873514	-54.8785	1.16268	
-53.4083	1.1614	-54.9523	0.155269	
-53.5568	0.0921382	-55.4731	0.412999	
-53.9584	0.192692	-55.6908	-0.755329	
-54.3078	-1.09606	-56.3086	-0.612657	
-54.8443	-1.16009	-56.6692	-1.92394	
-55.3912	-2.64233	-57.3759	-1.87474	
-56.0523	-2.84084	-57.8736	-3.30604	
-56.7868	-4.48365	-58.6564	-3.32428	
-57.5556	-4.78031	-59.2811	-4.84863	
-58.4616	-6.54504	-60.1233	-4.90503	
-59.3155	-6.89877	-60.861	-6.49256	
-60.3715	-8.74241	-61.7422	-6.55586	
-61.2826	-9.10892	-62.576	-8.17505	
-62.4627	-10.9859	-63.4731	-8.21319	
-63.3988	-11.3195	-64.3843	-9.83212	
-64.6738	-13.1842	-65.2719	-9.81295	
-65.5998	-13.4398	-66.24	-11.4003	
-66.9391	-15.2488	-67.0914	-11.2921	
-67.8194	-15.3842	-68.0946	-12.8181	
-69.1915	-17.098	-68.8824	-12.5912	
-69.9914	-17.0755	-69.8984	-14.0288	
-71.3653	-18.6595	-70.5964	-13.6571	
-72.0521	-18.4469	-71.6034	-14.9836	
-73.3983	-19.872	-72.1876	-14.4464	
-73.942	-19.444	-73.1656	-15.6441	
-75.2337	-20.6884	-73.615	-14.9265	
-75.6086	-20.0274	-74.5467	-15.9837	
-76.823	-21.077	-74.844	-15.0775	
-77.008	-20.174	-75.7158	-15.989	
-78.1272	-21.023	-75.8482	-14.8928	
-78.1072	-19.8778	-76.6506	-15.6598	
-79.1186	-20.5294	-76.6099	-14.379	
-78.8847	-19.1506	-77.3379	-15.0096	
-79.782	-19.6163	-77.1214	-13.5562	
-79.3323	-18.0211	-77.7747	-14.0644	
-80.1155	-18.3208	-77.3848	-12.4567	
-79.4545	-16.5343	-77.968	-12.8624	
-80.1299	-16.6948	-77.4121	-11.1239	
-79.2687	-14.7491	-77.9344	-11.4517	
-79.8488	-14.8037	-77.225	-9.61067	
-78.8049	-12.7364	-77.7	-9.8892	
-79.3076	-12.723	-76.8537	-7.97716	
-78.1035	-10.5758	-77.2987	-8.23767	
-78.5515	-10.5356	-76.336	-6.28855	
-77.2143	-8.35251	-76.7717	-6.56396	
-77.6339	-8.32792	-75.7161	-4.61298	
-76.1932	-6.15326	-76.1664	-4.93686	
-76.6128	-6.18407	-75.0441	-3.02102	
-75.0965	-4.0589	-75.5381	-3.42804	
-75.5441	-4.16342	-74.3784	-1.60223	
-73.9476	-2.10676	-74.9791	-2.14384	
-74.5116	-2.36597	-73.751	-0.39364	
-72.8753	-0.427177	-74.4755	-1.08294	
-73.5737	-0.870705	-73.2164	0.563998	
-71.937	0.916805	-74.0796	-0.291517	
-72.7815	0.27074	-72.8288	1.22465	
-71.1807	1.88481	-73.8434	0.185689	
-72.1777	1.0273	-72.6395	1.54767	
-70.66	2.44417	-73.7996	0.323774	
-71.8117	1.37144	-72.677	1.51769	
-70.4167	2.56897	-73.9758	0.12091	
-71.735	1.2769	-72.9497	1.14862	
-70.4812	2.25112	-74.3909	-0.411678	
-71.9734	0.745557	-73.4705	0.457212	
-70.8718	1.50434	-75.0546	-1.25373	
-72.5387	-0.199953	-74.2441	-0.530275	
-71.5941	0.359829	-75.9658	-2.37306	
-73.4302	-1.52041	-75.2642	-1.77585	
-72.6416	-1.13558	-77.1128	-3.72623	
-74.6351	-3.16181	-76.5142	-3.23107	
-73.9948	-2.92121	-78.4744	-5.26032	
-76.1278	-5.05742	-77.9683	-4.8391	
-75.6225	-4.9248	-80.0204	-6.91524	
-77.8714	-7.13025	-79.5926	-6.53714	
-77.4824	-7.06529	-81.7134	-8.62618	
-79.8185	-9.29605	-81.3467	-8.25902	
-79.5228	-9.25602	-83.5102	-10.3263	
-81.9135	-11.4666	-83.1854	-9.93791	
-81.6849	-11.4083	-85.3637	-11.9493	
-84.0948	-13.5535	-85.0601	-11.5087	
-83.9047	-13.4352	-87.2244	-13.4315	
-86.2973	-15.4721	-86.9207	-12.9101	
-86.1164	-15.2554	-89.0426	-14.7146	
-88.4559	-17.1451	-88.7173	-14.0873	
-88.2547	-16.796	-90.7696	-15.7476	
-90.5069	-18.505	-90.4022	-14.9939	
-90.2574	-17.9954	-92.3605	-16.4899	
-92.3912	-19.4969	-91.9325	-15.5947	
-92.0675	-18.8052	-93.7759	-16.9126	
-94.0558	-20.0801	-93.2717	-15.8667	
-93.6359	-19.1925	-94.9835	-16.9993	
-95.4565	-20.2306	-94.3909	-15.8001	
-94.9231	-19.1418	-95.9588	-16.7471	
-96.5599	-19.9419	-95.27	-15.3981	
-95.9011	-18.6552	-96.6866	-16.1661	
-97.3441	-19.2249	-95.8984	-14.6772	
-96.5545	-17.7521	-97.1613	-15.2792	
-97.8004	-18.1079	-96.2753	-13.6666	
-96.8806	-16.4689	-97.3875	-14.1219	
-97.9331	-16.6349	-96.4101	-12.4073	
-96.8899	-14.8567	-97.3798	-12.7404	
-97.7589	-14.8637	-96.3218	-10.9504	
-96.6048	-12.9792	-97.1625	-11.1904	
-97.3069	-12.8634	-96.0389	-9.35546	
-96.0586	-10.9097	-96.7693	-9.5353	
-96.6166	-10.7106	-95.5978	-7.68926	
-95.293	-8.72688	-96.2429	-7.8451	
-95.7374	-8.48506	-95.041	-6.02435	
-94.3551	-6.50888	-95.6347	-6.19598	
-94.7298	-6.27406	-94.4119	-4.42853	
-93.3114	-4.34598	-94.9866	-4.65189	
-93.6523	-4.16784	-93.7641	-2.9633	
-92.2343	-2.3303	-94.3405	-3.2685	
-92.5601	-2.24358	-93.1579	-1.69381	
-91.1852	-0.516447	-93.7505	-2.12666	
-91.4796	-0.53137	-92.6813	-0.717236	
-90.2282	1.00967	-93.2648	-1.25826	
-90.5327	0.84784	-92.3211	-0.0197492	
-89.4253	2.17546	-92.9256	-0.686094	
-89.7694	1.8415	-92.1263	0.368493	
-88.8281	2.93825	-92.7736	-0.436691	
-89.2366	2.41452	-92.1347	0.427581	
-88.483	3.26916	-92.8392	-0.521422	
-88.9766	2.54616	-92.3718	0.153146	
-88.4272	3.15555	-93.1429	-0.937366	
-89.0214	2.23245	-92.853	-0.445039	
-88.687	2.60216	-93.6953	-1.66804	
-89.3912	1.48682	-93.5839	-1.34398	
-89.2759	1.63112	-94.4972	-2.68427	
-90.0934	0.339791	-94.5598	-2.50851	
-90.1947	0.281118	-95.5392	-3.94541	
-91.1224	-1.16225	-95.7664	-3.89282	
-91.4309	-1.39409	-96.8022	-5.40102	
-92.4593	-2.95882	-97.1799	-5.44224	
-92.9593	-3.3278	-98.2585	-6.99291	
-94.0732	-4.97774	-98.7682	-7.09553	
-94.7432	-5.44297	-99.8725	-8.65749	
-95.9223	-7.138	-100.493	-8.78727	
-96.7355	-7.65533	-101.603	-10.3283	
-97.9552	-9.35298	-102.308	-10.4505	
-98.881	-9.87669	-103.402	-11.9387	
-100.113	-11.5338	-104.167	-12.0195	
-101.118	-12.0184	-105.222	-13.4245	
-102.333	-13.5931	-106.02	-13.4323	
-103.382	-13.9949	-107.013	-14.7267	
-104.549	-15.4479	-107.816	-14.6333	
-105.605	-15.7268	-108.727	-15.7939	
-106.694	-17.0232	-109.51	-15.5759	
-107.724	-17.1443	-110.317	-16.5845	
-108.706	-18.2548	-111.057	-16.224	
-109.676	-18.1894	-111.745	-17.0684	
-110.526	-19.0916	-112.422	-16.554	
-111.406	-18.8186	-112.978	-17.2283	
-112.102	-19.4977	-113.576	-16.5551	
-112.867	-19.0044	-113.992	-17.0602	
-113.393	-19.4553	-114.498	-16.2293	
-114.022	-18.738	-114.771	-16.5723	
-114.369	-18.965	-115.177	-15.5907	
-114.848	-18.0293	-115.308	-15.7849	
-115.014	-18.0459	-115.61	-14.6653	
-115.336	-16.9063	-115.607	-14.7296	
-115.323	-16.7346	-115.806	-13.4902	
-115.488	-15.4134	-115.678	-13.4489	
-115.308	-15.0827	-115.78	-12.1131	
-115.32	-13.6093	-115.544	-11.9949	
-114.99	-13.1546	-115.559	-10.5904	
-114.86	-11.563	-115.236	-10.4282	
-114.401	-11.0216	-115.179	-8.98848	
-114.141	-9.34736	-114.799	-8.82039	
-113.574	-8.72937	-114.694	-7.41067	
-113.152	-6.98136	-114.336	-7.30462	
-112.58	-6.4064	-114.13	-5.88277	
-112.068	-4.66253	-113.777	-5.83817	
-111.486	-4.15543	-113.532	-4.45562	
-110.922	-2.46328	-113.201	-4.4995	
-110.358	-2.063	-112.946	-3.18931	
-109.772	-0.464208	-112.666	-3.34898	
-109.261	-0.210282	-112.423	-2.13658	
-108.683	1.25833	-112.219	-2.43574	
-108.261	1.33073	-112.009	-1.34123	
-107.721	2.6375	-111.905	-1.79793	
-107.418	2.49945	-111.745	-0.835772	
-106.945	3.61943	-111.759	-1.46197	
-106.792	3.24963	-111.664	-0.640641	
-106.41	4.1658	-111.812	-1.44197	
-106.43	3.55147	-111.793	-0.763659	
-106.159	4.2555	-112.086	-1.73925	
-106.371	3.39293	-112.15	-1.19984	
-106.225	3.88552	-112.595	-2.34241	
-106.641	2.78025	-112.744	-1.93164	
-106.627	3.07114	-113.341	-3.22782	
-107.253	1.73775	-113.573	-2.92969	
-107.373	1.84532	-114.319	-4.36054	
-108.207	0.306854	-114.627	-4.15401	
-108.455	0.257397	-115.514	-5.69578	
-109.488	-1.45555	-115.888	-5.55556	
-109.853	-1.62889	-116.903	-7.18064	
-111.07	-3.47937	-117.327	-7.07826	
-111.533	-3.7379	-118.454	-8.75628	
-112.914	-5.68407	-118.91	-8.6612	
-113.451	-5.98517	-120.129	-10.3602	
-114.969	-7.98193	-120.597	-10.2411	
-115.554	-8.2807	-121.885	-11.9289	
-117.179	-10.2815	-122.343	-11.7548	
-117.78	-10.5326	-123.678	-13.4002	
-119.478	-12.4912	-124.101	-13.1419	
-120.064	-12.6506	-125.458	-14.7158	
-121.799	-14.5229	-125.825	-14.3472	
-122.336	-14.5497	-127.179	-15.8239	
-124.075	-16.2956	-127.468	-15.3226	
-124.529	-16.1536	-128.798	-16.6811	
-126.236	-17.7381	-128.988	-16.0299	
-126.579	-17.3973	-130.272	-17.2542	
-128.222	-18.7922	-130.347	-16.4417	
-128.424	-18.2299	-131.569	-17.5219	
-129.975	-19.4146	-131.517	-16.5429	
-130.014	-18.6167	-132.661	-17.4749	
-131.45	-19.5792	-132.472	-16.3308	
-131.307	-18.5407	-133.531	-17.117	
-132.609	-19.2781	-133.2	-15.8154	
-132.273	-18.003	-134.169	-16.4643	
-133.43	-18.5218	-133.696	-15.0188	
-132.894	-17.0231	-134.575	-15.5451	
-133.902	-17.3387	-133.963	-13.9746	
-133.165	-15.6376	-134.76	-14.3984	
-134.03	-15.7734	-134.016	-12.7271	
-133.097	-13.898	-134.743	-13.0737	
-133.83	-13.8844	-133.877	-11.33	
-132.71	-11.8678	-134.553	-11.6299	
-133.338	-11.746	-133.571	-9.84001	
-132.047	-9.62871	-134.217	-10.1239	
-132.59	-9.44447	-133.14	-8.31555	
-131.161	-7.27192	-133.77	-8.61378	
-131.629	-7.06209	-132.637	-6.82695	
-130.126	-4.83644	-133.236	-7.21467	
-130.435	-4.58691	-132.183	-5.54045	
-128.957	-2.42401	-132.711	-5.97777	
-129.178	-2.21542	-131.725	-4.40948	
-127.734	-0.163676	-132.228	-4.91949	
-127.901	-0.040673	-131.332	-3.48057	
-126.527	1.85934	-131.833	-4.08691	
-126.676	1.8546	-131.046	-2.79466	
-125.406	3.56512	-131.565	-3.5139	
-125.574	3.39612	-130.904	-2.38027	
-124.442	4.88578	-131.457	-3.22335	
-124.661	4.5232	-130.936	-2.25461	
-123.696	5.76857	-131.537	-3.22672	
-123.995	5.19154	-131.166	-2.42319	
-123.222	6.17817	-131.824	-3.52363	
-123.626	5.37501	-131.607	-2.87969	
-123.063	6.09807	-132.329	-4.10201	
-123.59	5.06678	-132.267	-3.60627	
-123.25	5.53128	-133.054	-4.93852	
-123.911	4.27958	-133.144	-4.57428	
-123.8	4.50021	-133.993	-5.99956	
-124.6	3.04519	-134.227	-5.7454	
-124.714	3.0458	-135.132	-7.2426	
-125.65	1.41318	-135.497	-7.07321	
-125.98	1.22586	-136.447	-8.61784	
-127.044	-0.551043	-136.927	-8.50501	
-127.573	-0.887202	-137.909	-10.0703	
-128.747	-2.76887	-138.484	-9.98393	
-129.452	-3.2093	-139.482	-11.5418	
-130.715	-5.15162	-140.131	-11.4512	
-131.567	-5.64798	-141.127	-12.9737	
-132.892	-7.60406	-141.826	-12.8486	
-133.856	-8.10616	-142.8	-14.3086	
-135.214	-10.0282	-143.525	-14.1205	
-136.254	-10.4859	-144.457	-15.4934	
-137.611	-12.3273	-145.184	-15.2164	
-138.688	-12.6925	-146.056	-16.4807	
-140.01	-14.4095	-146.761	-16.0928	
-141.086	-14.638	-147.556	-17.2312	
-142.339	-16.1916	-148.217	-16.7149	
-143.375	-16.2448	-148.919	-17.7151	
-144.528	-17.6024	-149.518	-17.0582	
-145.487	-17.4487	-150.115	-17.9134	
-146.512	-18.5853	-150.635	-17.1094	
-147.363	-18.2012	-151.119	-17.8186	
-148.235	-19.1003	-151.548	-16.8673	
-148.951	-18.4716	-151.915	-17.4357	
-149.651	-19.1257	-152.245	-16.3429	
-150.211	-18.2473	-152.495	-16.7815	
-150.726	-18.6584	-152.724	-15.5593	
-151.112	-17.5349	-152.861	-15.8848	
-151.438	-17.7144	-152.989	-14.5504	
-151.641	-16.3597	-153.025	-14.7844	
-151.78	-16.3282	-153.057	-13.3594	
-151.797	-14.7648	-153.008	-13.5281	
-151.758	-14.5503	-152.95	-12.0391	
-151.589	-12.8063	-152.84	-12.1735	
-151.388	-12.4271	-152.707	-10.6663	
-151.011	-10.5204	-152.589	-10.8167	
-150.739	-10.0945	-152.33	-9.24461	
-150.228	-8.10194	-152.172	-9.40801	
-149.835	-7.62165	-151.88	-7.85465	
-149.238	-5.60025	-151.684	-8.05074	
-148.747	-5.10763	-151.388	-6.55125	
-148.086	-3.10098	-151.186	-6.81312	
-147.532	-2.64418	-150.907	-5.39489	
-146.834	-0.697711	-150.728	-5.75052	
-146.255	-0.324678	-150.488	-4.43644	
-145.556	1.51595	-150.353	-4.90747	
-144.988	1.75996	-150.171	-3.71564	
-144.324	3.45256	-150.1	-4.31836	
-143.805	3.52723	-149.992	-3.26176	
-143.211	5.03535	-150.003	-4.00703	
-142.776	4.90699	-149.983	-3.09313	
-142.285	6.20148	-150.089	-3.98607	
-141.966	5.84443	-150.168	-3.21655	
-141.605	6.90468	-150.377	-4.25645	
-141.43	6.3023	-150.562	-3.62716	
-141.223	7.11707	-150.881	-4.80745	
-141.212	6.26244	-151.173	-4.30856	
-141.176	6.83037	-151.603	-5.61718	
-141.346	5.72651	-152	-5.23358	
-141.49	6.05614	-152.537	-6.65339	
-141.848	4.71595	-153.033	-6.3653	
-142.175	4.82542	-153.671	-7.87483	
-142.722	3.27109	-154.255	-7.65855	
-143.229	3.18739	-154.983	-9.23286	
-143.957	1.44954	-155.64	-9.06173	
-144.63	1.20751	-156.442	-10.6734	
-145.527	-0.676057	-157.157	-10.5189	
-146.349	-1.03517	-158.016	-12.1391	
-147.393	-3.02096	-158.767	-11.9718	
-148.338	-3.45112	-159.663	-13.5715	
-149.503	-5.49171	-160.431	-13.3626	
-150.542	-5.94391	-161.343	-14.9137	
-151.797	-7.98984	-162.105	-14.6357	
-152.896	-8.41406	-163.012	-16.1123	
-154.208	-10.4158	-163.745	-15.7404	
-155.33	-10.763	-164.627	-17.1195	
-156.662	-12.6729	-165.311	-16.6327	
-157.77	-12.897	-166.146	-17.8954	
-159.085	-14.6713	-166.761	-17.2769	
-160.142	-14.7309	-167.533	-18.4091	
-161.404	-16.3314	-168.062	-17.6474	
-162.375	-16.1914	-168.757	-18.6403	
-163.55	-17.5869	-169.186	-17.7294	
-164.402	-17.2203	-169.79	-18.5801	
-165.462	-18.3879	-170.11	-17.52	
-166.167	-17.776	-170.617	-18.2312	
-167.086	-18.7019	-170.822	-17.0278	
-167.622	-17.8358	-171.228	-17.6084	
-168.381	-18.5158	-171.316	-16.2734	
-168.732	-17.3961	-171.622	-16.7378	
-169.319	-17.8351	-171.597	-15.2887	
-169.474	-16.4721	-171.809	-15.6565	
-169.884	-16.6841	-171.678	-14.1162	
-169.839	-15.0966	-171.808	-14.4117	
-170.075	-15.1025	-171.581	-12.8086	
-169.83	-13.3158	-171.649	-13.0618	
-169.915	-13.1424	-171.327	-11.4293	
-169.461	-11.1819	-171.371	-11.6793	
-169.428	-10.8951	-170.955	-10.0202	
-168.811	-8.81432	-170.966	-10.2851	
-168.632	-8.42795	-170.527	-8.6596	
-167.928	-6.31076	-170.478	-8.93153	
-167.637	-5.88084	-170.031	-7.3604	
-166.844	-3.75179	-169.974	-7.69178	
-166.47	-3.32273	-169.544	-6.20695	
-165.613	-1.22488	-169.511	-6.62976	
-165.19	-0.845818	-169.122	-5.25503	
-164.305	1.1722	-169.133	-5.79075	
-163.869	1.45329	-168.806	-4.5447	
-162.995	3.34476	-168.879	-5.20901	
-162.584	3.48365	-168.632	-4.10495	
-161.758	5.20653	-168.783	-4.90802	
-161.408	5.1647	-168.631	-3.95365	
-160.667	6.6835	-168.872	-4.89987	
-160.411	6.4297	-168.826	-4.09703	
-159.789	7.71688	-169.166	-5.18489	
-159.657	7.22843	-169.234	-4.52949	
-159.182	8.26555	-169.677	-5.75168	
-159.199	7.52922	-169.862	-5.2339	
-158.894	8.30768	-170.407	-6.57758	
-159.078	7.32028	-170.708	-6.18226	
-158.96	7.84163	-171.35	-7.62958	
-159.323	6.61008	-171.761	-7.33684	
-159.4	6.88601	-172.493	-8.86566	
-159.946	5.42713	-173.004	-8.6517	
-160.221	5.47891	-173.812	-10.2365	
-160.946	3.81873	-174.411	-10.0745	
-161.412	3.67644	-175.279	-11.6872	
-162.307	1.84916	-175.948	-11.5486	
-162.951	1.55044	-176.858	-13.1601	
-163.998	-0.402921	-177.578	-13.0154	
-164.799	-0.814342	-178.51	-14.5961	
-165.974	-2.8476	-179.26	-14.4164	
-166.906	-3.32368	-180.191	-15.9382	
-168.179	-5.38729	-180.95	-15.6959	
-169.212	-5.87758	-181.858	-17.1326	
-170.549	-7.92063	-182.605	-16.8031	
-171.648	-8.37429	-183.468	-18.1317	
-173.013	-10.3465	-184.181	-17.6939	
-174.14	-10.7144	-184.98	-18.8956	
-175.496	-12.5682	-185.64	-18.3328	
-176.613	-12.8046	-186.356	-19.3938	
-177.922	-14.4971	-186.948	-18.6947	
-178.993	-14.5617	-187.566	-19.6065	
-180.217	-16.0561	-188.074	-18.7652	
-181.206	-15.9158	-188.583	-19.5251	
-182.313	-17.183	-188.999	-18.5416	
-183.19	-16.8129	-189.391	-19.1529	
-184.15	-17.8329	-189.709	-18.0331	
-184.888	-17.2173	-189.98	-18.5049	
-185.678	-17.9795	-190.199	-17.2602	
-186.256	-17.1127	-190.351	-17.6071	
-186.859	-17.6166	-190.473	-16.2544	
-187.265	-16.5026	-190.512	-16.4961	
-187.67	-16.7573	-190.545	-15.0572	
-187.895	-15.4096	-190.479	-15.218	
-188.1	-15.4333	-190.435	-13.7189	
-188.144	-13.8738	-190.28	-13.8273	
-188.158	-13.6929	-190.169	-12.2976	
-188.026	-11.95	-189.946	-12.386	
-187.869	-11.6125	-189.778	-10.8427	
-187.593	-9.72813	-189.489	-10.9384	
-187.242	-9.25119	-189.325	-9.43637	
-186.9	-7.31022	-188.936	-9.52877	
-186.384	-6.74739	-188.795	-8.0903	
-185.963	-4.76797	-188.368	-8.23799	
-185.311	-4.1634	-188.273	-6.8957	
-184.829	-2.1851	-187.846	-7.13519	
-184.073	-1.58925	-187.82	-5.91318	
-183.562	0.339634	-187.417	-6.26855	
-182.742	0.875457	-187.478	-5.18488	
-182.236	2.70666	-187.121	-5.67365	
-181.392	3.13344	-187.286	-4.74075	
-180.929	4.82202	-186.994	-5.37457	
-180.1	5.09518	-187.275	-4.59894	
-179.715	6.60154	-187.063	-5.38335	
-178.94	6.68279	-187.47	-4.76532	
-178.668	7.97438	-187.35	-5.69964	
-177.982	7.83319	-187.887	-5.23339	
-177.851	8.8859	-187.865	-6.31084	
-177.287	8.5007	-188.533	-5.98456	
-177.322	9.2998	-188.611	-7.19254	
-176.906	8.65886	-189.406	-6.98892	
-177.125	9.19968	-189.582	-8.30959	
-176.876	8.30147	-190.494	-8.20643	
-177.291	8.5896	-190.762	-9.61745	
-177.222	7.44288	-191.779	-9.58853	
-177.838	7.49399	-192.127	-11.064	
-177.954	6.11738	-193.231	-11.0801	
-178.767	5.95663	-193.646	-12.5916	
-179.065	4.37785	-194.817	-12.6216	
-180.065	4.03892	-195.282	-14.1393	
-180.534	2.29366	-196.498	-14.1516	
-181.703	1.81745	-196.992	-15.6457	
-182.326	-0.052112	-198.228	-15.609	
-183.639	-0.619119	-198.733	-17.0506	
-184.394	-2.56598	-199.964	-16.9355	
-185.819	-3.1735	-200.457	-18.2983	
-186.677	-5.1478	-201.658	-18.0783	
-188.181	-5.74375	-202.12	-19.3392	
-189.108	-7.69472	-203.268	-18.9917	
-190.653	-8.22725	-203.679	-20.1318	
-191.615	-10.1053	-204.751	-19.6392	
-193.159	-10.5249	-205.095	-20.6448	
-194.119	-12.2837	-206.072	-19.9949	
-195.624	-12.5449	-206.335	-20.8579	
-196.546	-14.1431	-207.202	-20.0445	
-197.972	-14.2067	-207.374	-20.7628	
-198.821	-15.6097	-208.119	-19.7858	
-200.132	-15.4438	-208.193	-20.3636	
-200.878	-16.6251	-208.809	-19.2291	
-202.043	-16.2069	-208.784	-19.6764	
-202.659	-17.1491	-209.268	-18.3964	
-203.65	-16.4653	-209.146	-18.7289	
-204.116	-17.161	-209.5	-17.321	
-204.914	-16.2084	-209.29	-17.5592	
-205.216	-16.6604	-209.52	-16.0455	
-205.806	-15.4461	-209.232	-16.2145	
-205.937	-15.6671	-209.35	-14.6212	
-206.316	-14.2079	-208.998	-14.7494	
-206.276	-14.2201	-209.018	-13.1054	
-206.447	-12.5416	-208.62	-13.2239	
-206.246	-12.3785	-208.559	-11.5574	
-206.224	-10.5153	-208.13	-11.6972	
-205.863	-10.2093	-208.023	-10.0452	
-205.694	-8.2008	-207.556	-10.2392	
-205.155	-7.77561	-207.464	-8.65258	
-204.874	-5.68733	-206.972	-8.91123	
-204.204	-5.20455	-206.897	-7.40492	
-203.817	-3.07457	-206.428	-7.76663	
-203.047	-2.58299	-206.395	-6.36761	
-202.582	-0.458095	-205.975	-6.85967	
-201.751	-0.0102524	-206.002	-5.58717	
-201.241	2.05973	-205.655	-6.2284	
-200.39	2.41226	-205.759	-5.09584	
-199.871	4.37932	-205.506	-5.89876	
-199.04	4.58833	-205.699	-4.9135	
-198.549	6.40867	-205.556	-5.88429	
-197.78	6.43132	-205.849	-5.04747	
-197.352	8.06725	-205.828	-6.18584	
-196.683	7.86775	-206.224	-5.49229	
-196.349	9.28925	-206.333	-6.79164	
-195.816	8.84028	-206.834	-6.23009	
-195.604	10.0263	-207.076	-7.67773	
-195.237	9.31005	-207.678	-7.23124	
-195.17	10.2492	-208.051	-8.80901	
-194.993	9.25821	-208.744	-8.45563	
-195.088	9.94953	-209.241	-10.1406	
-195.117	8.6867	-210.014	-9.85419	
-195.383	9.13949	-210.624	-11.6196	
-195.628	7.61813	-211.46	-11.3709	
-196.067	7.85172	-212.169	-13.1873	
-196.53	6.09495	-213.047	-12.9451	
-197.135	6.13788	-213.836	-14.7815	
-197.809	4.17769	-214.734	-14.5138	
-198.568	4.06663	-215.584	-16.3389	
-199.44	1.94258	-216.478	-16.0141	
-200.331	1.72086	-217.367	-17.7977	
-201.38	-0.521503	-218.232	-17.386	
-202.377	-0.805578	-219.138	-19.0999	
-203.577	-3.11655	-219.949	-18.5745	
-204.648	-3.41167	-220.849	-20.1941	
-205.966	-5.73937	-221.583	-19.5321	
-207.075	-5.99321	-222.457	-21.0368	
-208.476	-8.28567	-223.092	-20.2203	
-209.585	-8.44699	-223.922	-21.5949	
-211.031	-10.6542	-224.439	-20.6114	
-212.101	-10.6749	-225.208	-21.8463	
-213.554	-12.7509	-225.593	-20.6896	
-214.544	-12.5879	-226.289	-21.7814	
-215.967	-14.4924	-226.53	-20.4515	
-216.841	-14.1095	-227.146	-21.4031	
-218.198	-15.8097	-227.237	-19.9065	
-218.922	-15.1788	-227.768	-20.7268	
-220.183	-16.6505	-227.707	-19.076	
-220.728	-15.7528	-228.154	-19.7797	
-221.866	-16.9817	-227.945	-17.993	
-222.209	-15.8086	-228.314	-18.6001	
-223.204	-16.7902	-227.963	-16.7004	
-223.33	-15.3434	-228.264	-17.2352	
-224.169	-16.0839	-227.785	-15.2499	
-224.069	-14.3752	-228.031	-15.7405	
-224.746	-14.8903	-227.44	-13.6997	
-224.418	-12.9407	-227.647	-14.1773	
-224.933	-13.2551	-226.967	-12.1139	
-224.388	-11.0925	-227.152	-12.6126	
-224.742	-11.2369	-226.412	-10.5623	
-223.993	-8.88432	-226.599	-11.1289	
-224.171	-8.88179	-225.854	-9.14105	
-223.271	-6.50221	-226.034	-9.68724	
-223.446	-6.48924	-225.16	-7.70138	
-222.331	-4.04765	-225.446	-8.33867	
-222.498	-4.03682	-224.501	-6.41848	
-221.208	-1.56151	-224.909	-7.19391	
-221.394	-1.59739	-223.921	-5.3684	
-219.965	0.862745	-224.472	-6.30421	
-220.2	0.734606	-223.468	-4.5958	
-218.672	3.13043	-224.179	-5.70695	
-218.989	2.86685	-223.182	-4.13207	
-217.402	5.15219	-224.066	-5.42695	
-217.834	4.71441	-223.097	-3.99572	
-216.228	6.84816	-224.163	-5.47601	
-216.804	6.20351	-223.238	-4.19199	
-215.219	8.15129	-224.491	-5.85265	
-215.966	7.27464	-223.622	-4.71282	
-214.436	9.01009	-225.062	-6.54221	
-215.378	7.88492	-224.256	-5.53719	
-213.934	9.39072	-225.876	-7.51749	
-215.087	8.0099	-225.136	-6.632	
-213.755	9.27832	-226.927	-8.73982	
-215.13	7.6445	-226.251	-7.95343	
-213.928	8.67764	-228.196	-10.1606	
-215.529	6.80323	-227.577	-9.44863	
-214.468	7.61284	-229.658	-11.7234	
-216.291	5.51961	-229.086	-11.0579	
-215.377	6.12654	-231.277	-13.3659	
-217.412	3.84484	-230.738	-12.7171	
-216.641	4.27807	-233.014	-15.0227	
-218.87	1.84574	-232.492	-14.3599	
-218.232	2.14118	-234.823	-16.6277	
-220.631	-0.39789	-234.3	-15.9211	
-220.111	-0.198962	-236.656	-18.1169	
-222.648	-2.79648	-236.113	-17.3384	
-222.224	-2.64913	-238.464	-19.4308	
-224.865	-5.25424	-237.882	-18.5556	
-224.511	-5.11177	-240.197	-20.5169	
-227.216	-7.673	-239.559	-19.5242	
-226.905	-7.4889	-241.812	-21.3318	
-229.632	-9.95611	-241.102	-20.206	
-229.332	-9.68598	-243.265	-21.8427	
-232.04	-12.0123	-242.471	-20.5741	
-231.72	-11.6157	-244.524	-22.0291	
-234.367	-13.7594	-243.636	-20.6141	
-233.996	-13.2015	-245.561	-21.8833	
-236.543	-15.1273	-244.574	-20.3248	
-236.095	-14.3806	-246.358	-21.4108	
-238.505	-16.0614	-245.272	-19.7182	
-237.955	-15.1062	-246.905	-20.6301	
-240.197	-16.5239	-245.725	-18.8188	
-239.527	-15.3501	-247.205	-19.572	
-241.576	-16.496	-245.938	-17.6631	
-240.772	-15.1029	-247.268	-18.2782	
-242.609	-15.9785	-245.928	-16.2976	
-241.666	-14.3749	-247.114	-16.8001	
-243.277	-14.9913	-245.719	-14.7776	
-242.197	-13.1946	-246.77	-15.1972	
-243.578	-13.5715	-245.344	-13.1659	
-242.372	-11.6015	-246.269	-13.541	
-243.51	-11.76	-244.851	-11.5426	
-241.962	-9.16798	-245.901	-12.3887	
-242.26	-8.7708	-245.126	-10.8306	
-241.029	-6.21953	-245.682	-11.5578	
-240.686	-5.52231	-245.394	-10.2592	
-239.816	-3.16394	-245.46	-10.7914	
-238.873	-2.23276	-245.669	-9.76248	
-238.41	-0.12696	-245.254	-10.1159	
-236.905	0.971607	-245.977	-9.36505	
-236.897	2.76659	-245.088	-9.55455	
-234.874	3.96742	-246.338	-9.08713	
-235.37	5.39757	-244.982	-9.12595	
-232.875	6.63931	-246.77	-8.94382	
-233.923	7.6573	-244.955	-8.84333	
-231.004	8.88469	-247.286	-8.94471	
-232.645	9.45201	-245.024	-8.71419	
-229.348	10.6179	-247.901	-9.09353	
-231.619	10.7066	-245.199	-8.74002	
-227.989	11.7735	-248.62	-9.38796	
-230.919	11.3675	-245.488	-8.91623	
-226.995	12.3091	-249.448	-9.81974	
-230.604	11.405	-245.896	-9.23237	
-226.421	12.2067	-250.383	-10.375	
-230.719	10.8146	-246.419	-9.67258	
-226.305	11.4736	-251.42	-11.0347	
-231.291	9.61677	-247.053	-10.2162	
-226.665	10.1423	-252.549	-11.7757	
-232.327	7.85636	-247.788	-10.8386	
-227.504	8.26871	-253.756	-12.5712	
-233.82	5.60092	-248.609	-11.5123	
-228.803	5.93025	-255.025	-13.3921	
-235.739	2.93788	-249.5	-12.2078	
-230.527	3.22269	-256.336	-14.2082	
-238.038	-0.0288784	-250.441	-12.8951	
-232.622	0.256262	-257.666	-14.9892	
-240.657	-3.1832	-251.412	-13.5445	
-235.023	-2.84868	-258.994	-15.706	
-243.522	-6.40122	-252.389	-14.1284	
-237.649	-5.96651	-260.296	-16.3318	
-246.546	-9.55638	-253.353	-14.6217	
-240.414	-8.97131	-261.549	-16.8433	
-249.64	-12.5244	-254.281	-15.0033	
-243.226	-11.7419	-262.732	-17.2216	
-252.708	-15.1882	-255.154	-15.2567	
-245.991	-14.1666	-263.827	-17.4529	
-255.657	-17.4424	-255.957	-15.371	
-248.616	-16.1461	-264.819	-17.5305	
-258.394	-19.1954	-256.678	-15.3437	
-251.015	-17.6005	-265.696	-17.4526	
-260.839	-20.3786	-257.307	-15.1744	
-253.112	-18.4721	-266.452	-17.2219	
-262.922	-20.9464	-257.839	-14.8686	
-254.843	-18.7265	-267.082	-16.8475	
-264.586	-20.8766	-258.273	-14.4381	
-256.161	-18.3536	-267.587	-16.3443	
-265.791	-20.172	-258.612	-13.9	
-257.034	-17.3686	-267.973	-15.7321	
-266.514	-18.8606	-258.863	-13.2761	
-257.448	-15.8113	-268.251	-15.035	
-266.753	-16.9942	-259.039	-12.5918	
-257.41	-13.7444	-268.433	-14.2801	
-266.522	-14.6466	-259.154	-11.8751	
-256.943	-11.2513	-268.537	-13.4967	
-265.854	-11.9106	-259.227	-11.1554	
-256.089	-8.43243	-268.582	-12.715	
-264.8	-8.89439	-259.279	-10.4624	
-254.905	-5.40151	-268.59	-11.9648	
-263.425	-5.717	-259.33	-9.82487	
-253.463	-2.28091	-268.583	-11.2746	
-261.806	-2.50389	-259.402	-9.26954	
-251.844	0.803307	-268.585	-10.6702	
-260.031	0.618356	-259.518	-8.82004	
-250.139	3.72653	-268.616	-10.174	
-258.192	3.52711	-259.697	-8.49609	
-248.439	6.37049	-268.698	-9.80408	
-256.384	6.10842	-259.958	-8.3126	
-246.839	8.62789	-268.848	-9.57322	
-254.699	8.26151	-260.316	-8.27894	
-245.428	10.4067	-269.081	-9.48856	
-253.226	9.9028	-260.784	-8.39865	
-244.289	11.634	-269.408	-9.55126	
-252.043	10.9692	-261.368	-8.66921	
-243.494	12.2586	-269.836	-9.75652	
-251.218	11.4207	-262.074	-9.08221	
-243.102	12.2532	-270.368	-10.0937	
-250.803	11.2418	-262.899	-9.62362	
-243.155	11.6156	-271.002	-10.547	
-250.833	10.4423	-263.838	-10.2744	
-243.679	10.369	-271.731	-11.0956	
-251.326	9.05666	-264.882	-11.0111	
-244.681	8.5603	-272.546	-11.7152	
-252.281	7.14289	-266.018	-11.8071	
-246.15	6.2592	-273.433	-12.3783	
-253.679	4.78002	-267.227	-12.6332	
-248.054	3.55478	-274.374	-13.0558	
-255.482	2.065	-268.492	-13.4592	
-250.348	0.552226	-275.35	-13.7181	
-257.636	-0.891161	-269.788	-14.2549	
-252.967	-2.63143	-276.34	-14.336	
-260.073	-3.96789	-271.095	-14.9913	
-255.836	-5.87193	-277.324	-14.8822	
-262.714	-7.0398	-272.389	-15.6417	
-258.871	-9.04275	-278.278	-15.3323	
-265.472	-9.98177	-273.647	-16.1829	
-261.978	-12.0202	-279.184	-15.6657	
-268.253	-12.6739	-274.848	-16.596	
-265.065	-14.6881	-280.021	-15.8665	
-270.965	-15.0063	-275.973	-16.867	
-268.035	-16.9428	-280.775	-15.9242	
-273.517	-16.8835	-277.007	-16.9877	
-270.802	-18.6967	-281.433	-15.834	
-275.826	-18.228	-277.938	-16.9561	
-273.283	-19.8791	-281.985	-15.6007	
-277.811	-18.9775	-278.763	-16.7821	
-275.405	-20.4421	-282.433	-15.2343	
-279.411	-19.0993	-279.478	-16.4757	
-277.113	-20.3676	-282.775	-14.7452	
-280.581	-18.5896	-280.082	-16.0482	
-278.367	-19.6625	-283.015	-14.149	
-281.294	-17.4678	-280.581	-15.5175	
-279.148	-18.3576	-283.162	-13.467	
-281.538	-15.777	-280.982	-14.9064	
-279.452	-16.5072	-283.227	-12.7242	
-281.322	-13.5833	-281.298	-14.241	
-279.297	-14.1875	-283.226	-11.9476	
-280.675	-10.9731	-281.545	-13.5487	
-278.718	-11.4932	-283.177	-11.1664	
-279.642	-8.04999	-281.738	-12.8576	
-277.767	-8.534	-283.098	-10.4092	
-278.282	-4.92903	-281.901	-12.1969	
-276.511	-5.42982	-283.012	-9.7045	
-276.668	-1.73285	-282.053	-11.5947	
-275.027	-2.30521	-282.941	-9.07948	
-274.883	1.41283	-282.218	-11.0766	
-273.403	0.714454	-282.908	-8.55827	
-273.017	4.38392	-282.416	-10.6648	
-271.729	3.50793	-282.933	-8.16078	
-271.165	7.06306	-282.666	-10.3765	
-270.099	5.96308	-283.036	-7.90204	
-269.419	9.34436	-282.986	-10.2242	
-268.605	7.98139	-283.232	-7.79167	
-267.87	11.1376	-283.39	-10.2147	
-267.334	9.4819	-283.534	-7.83349	
-266.6	12.372	-283.887	-10.3487	
-266.361	10.4044	-283.951	-8.0254	
-265.681	12.9986	-284.483	-10.6214	
-265.752	10.712	-284.486	-8.35944	
-265.169	12.9929	-285.182	-11.0221	
-265.556	10.3923	-285.14	-8.82215	
-265.107	12.3553	-285.979	-11.5349	
-265.806	9.45812	-285.908	-9.39507	
-265.519	11.1112	-286.869	-12.1392	
-266.517	7.94698	-286.781	-10.0555	
-266.41	9.31009	-287.841	-12.8108	
-267.685	5.91946	-287.748	-10.7773	
-267.767	7.0235	-288.88	-13.5225	
-269.289	3.45687	-288.791	-11.5322	
-269.559	4.3422	-289.969	-14.2455	
-271.287	0.657984	-289.892	-12.2907	
-271.737	1.37255	-291.089	-14.9504	
-273.624	-2.3649	-291.03	-13.023	
-274.237	-1.76775	-292.217	-15.6084	
-276.229	-5.49045	-292.183	-13.7009	
-276.983	-4.9543	-293.334	-16.1923	
-279.023	-8.59314	-293.329	-14.2983	
-279.891	-8.06101	-294.416	-16.678	
-281.917	-11.5483	-294.447	-14.7922	
-282.867	-10.9651	-295.443	-17.0451	
-284.816	-14.2369	-295.516	-15.1643	
-285.818	-13.5519	-296.398	-17.2779	
-287.629	-16.5507	-296.518	-15.4009	
-288.651	-15.7195	-297.262	-17.3658	
-290.265	-18.3959	-297.438	-15.494	
-291.277	-17.3828	-298.025	-17.3043	
-292.64	-19.6976	-298.264	-15.4415	
-293.619	-18.4766	-298.677	-17.0947	
-294.681	-20.4019	-298.99	-15.2476	
-295.606	-18.9582	-299.214	-16.7445	
-296.328	-20.4783	-299.612	-14.9224	
-297.184	-18.8087	-299.637	-16.2675	
-297.534	-19.9209	-300.132	-14.482	
-298.316	-18.0343	-299.951	-15.6826	
-298.271	-18.7492	-300.557	-13.9465	
-298.981	-16.6664	-300.166	-15.0127	
-298.53	-17.0073	-300.898	-13.3403	
-299.176	-14.7599	-300.295	-14.2841	
-298.315	-14.7614	-301.171	-12.6906	
-298.918	-12.3897	-300.357	-13.5273	
-297.657	-12.1054	-301.392	-12.0192	
-298.263	-9.67077	-300.35	-12.7518	
-296.615	-9.15114	-301.566	-11.3469	
-297.255	-6.70783	-300.303	-11.9924	
-295.248	-6.01098	-301.714	-10.706	
-295.959	-3.61796	-300.24	-11.2803	
-293.628	-2.80634	-301.86	-10.1258	
-294.454	-0.525017	-300.183	-10.6434	
-291.839	0.337392	-302.026	-9.63178	
-292.826	2.44631	-300.155	-10.1055	
-289.972	3.29685	-302.233	-9.24562	
-291.167	5.17603	-300.177	-9.68671	
-288.119	5.95586	-302.5	-8.98447	
-289.572	7.55375	-300.267	-9.40195	
