1	1	2	2	
1.10323	1.09333	2.10177	1.99687	
1.18434	1.17188	2.06185	1.98822	
1.27182	1.2367	2.1593	1.97429	
1.33323	1.28578	2.11791	1.95622	
1.40076	1.32013	2.21506	1.93531	
1.4382	1.33835	2.17718	1.91274	
1.48304	1.34237	2.27839	1.88945	
1.49429	1.33099	2.24822	1.86726	
1.5168	1.30816	2.35627	1.84514	
1.50267	1.27136	2.33593	1.82681	
1.50607	1.22772	2.45148	1.80786	
1.46964	1.17138	2.44109	1.79533	
1.45843	1.11364	2.56359	1.78051	
1.40365	1.04389	2.56233	1.77479	
1.38238	0.978361	2.69089	1.76467	
1.31318	0.90088	2.69766	1.76628	
1.28603	0.833119	2.83147	1.7612	
1.20614	0.752997	2.84519	1.77037	
1.17689	0.687858	2.98352	1.77046	
1.08977	0.609604	3.00311	1.78712	
1.06188	0.551308	3.14528	1.79232	
0.970789	0.478866	3.16964	1.81616	
0.947413	0.431022	3.31498	1.82617	
0.85538	0.367755	3.34296	1.85662	
0.839408	0.33335	3.49074	1.87093	
0.749194	0.282006	3.52114	1.90718	
0.74318	0.263366	3.6706	1.92507	
0.657235	0.226029	3.7022	1.96612	
0.663355	0.224783	3.85256	1.98669	
0.583758	0.202837	3.88412	2.03138	
0.603753	0.219885	4.0346	2.0536	
0.532149	0.213986	4.0649	2.10063	
0.567278	0.249487	4.21473	2.12338	
0.504839	0.259562	4.24261	2.17139	
0.555836	0.31294	4.3911	2.19349	
0.503224	0.338204	4.41548	2.2411	
0.570279	0.408183	4.56203	2.26139	
0.527633	0.447182	4.58196	2.30726	
0.61039	0.531843	4.72607	2.32463	
0.577327	0.582526	4.74075	2.36749	
0.674897	0.679387	4.88208	2.38093	
0.65054	0.739192	4.89088	2.41965	
0.761537	0.845309	5.02926	2.42833	
0.744556	0.911277	5.03174	2.46193	
0.867152	1.02337	5.16718	2.46518	
0.855825	1.09226	5.16311	2.49293	
0.98782	1.20682	5.29579	2.49032	
0.980113	1.27528	5.28514	2.51169	
1.11902	1.38875	5.41544	2.50301	
1.11267	1.45339	5.39839	2.51776	
1.25582	1.56228	5.52683	2.50307	
1.24844	1.61988	5.50375	2.51117	
1.39306	1.7209	5.63105	2.49078	
1.38224	1.7685	5.60246	2.49252	
1.52558	1.85871	5.72944	2.46698	
1.50899	1.89377	5.69603	2.46285	
1.64844	1.97066	5.82362	2.43295	
1.62393	1.99111	5.78617	2.42368	
1.75708	2.05274	5.91538	2.3904	
1.72276	2.05712	5.87475	2.3769	
1.84752	2.10215	6.0066	2.3414	
1.80186	2.08961	5.96369	2.32475	
1.91652	2.11738	6.09921	2.28828	
1.85842	2.08777	6.05492	2.26966	
1.9617	2.09828	6.19508	2.23357	
1.89051	2.05211	6.15025	2.2142	
1.98163	2.04605	6.29593	2.17985	
1.89719	1.98448	6.25134	2.16097	
1.97586	1.96317	6.40331	2.12968	
1.87852	1.88798	6.35961	2.11248	
1.94497	1.85333	6.51848	2.08548	
1.83559	1.76685	6.47617	2.07103	
1.89052	1.72126	6.64236	2.04941	
1.7704	1.62624	6.60179	2.03862	
1.81498	1.57253	6.77552	2.02329	
1.68587	1.47209	6.73685	2.01689	
1.72166	1.41337	6.91814	2.00852	
1.58564	1.31084	6.88134	2.00699	
1.61454	1.25037	7.06998	2.00601	
1.47399	1.14918	7.03483	2.00959	
1.49813	1.09027	7.23044	2.01614	
1.35562	0.993799	7.19654	2.02481	
1.37731	0.939662	7.39851	2.03878	
1.23548	0.851127	7.36533	2.05225	
1.25708	0.804743	7.57291	2.07324	
1.1186	0.727058	7.53976	2.09098	
1.14242	0.691061	7.75207	2.11836	
1.00985	0.626732	7.71817	2.13961	
1.03807	0.603303	7.93422	2.17252	
0.913756	0.554326	7.89874	2.19633	
0.948337	0.545108	8.11746	2.23373	
0.834343	0.512894	8.07953	2.25899	
0.876927	0.51892	8.29986	2.2997	
0.774955	0.50424	8.25862	2.3252	
0.826809	0.5259	8.47949	2.36793	
0.738133	0.528857	8.43415	2.39241	
0.80009	0.565874	8.65456	2.43586	
0.72551	0.585901	8.6044	2.45803	
0.797934	0.637349	8.82343	2.50088	
0.737753	0.673231	8.76785	2.51952	
0.82052	0.737568	8.98472	2.56054	
0.77453	0.787494	8.92328	2.57452	
0.867036	0.862626	9.13735	2.61257	
0.834534	0.924262	9.06977	2.6209	
0.935708	1.00763	9.28057	2.65501	
0.915526	1.07821	9.20678	2.6569	
1.02388	1.16687	9.41403	2.68629	
1.01443	1.24332	9.33413	2.68115	
1.12811	1.33411	9.53775	2.70527	
1.12747	1.41314	9.45204	2.69276	
1.24433	1.50275	9.65213	2.7113	
1.25029	1.58103	9.56112	2.69135	
1.36798	1.66617	9.75796	2.70427	
1.37815	1.74043	9.66232	2.67706	
1.49421	1.81795	9.85636	2.68455	
1.50612	1.8851	9.75692	2.65053	
1.61807	1.95214	9.94874	2.65306	
1.62925	2.00943	9.84647	2.61291	
1.7347	2.06348	10.0368	2.61115	
1.74282	2.10859	9.93271	2.56578	
1.83954	2.14764	10.1223	2.56062	
1.84246	2.17877	10.0175	2.51111	
1.9285	2.20138	10.2072	2.50359	
1.92436	2.2173	10.1029	2.45118	
1.99813	2.22265	10.2934	2.44245	
1.98544	2.22279	10.1907	2.38847	
2.04575	2.21072	10.3829	2.37976	
2.02343	2.19515	10.2827	2.32558	
2.06954	2.16616	10.4774	2.31814	
2.03699	2.13563	10.3808	2.26511	
2.06866	2.09086	10.5785	2.26015	
2.02575	2.04671	10.4862	2.20959	
2.04324	1.98791	10.6874	2.20822	
1.99032	1.93207	10.6001	2.16132	
1.99438	1.86152	10.8052	2.16453	
1.93228	1.79639	10.7234	2.12233	
1.92412	1.71681	10.9324	2.13094	
1.8541	1.64519	10.8563	2.09428	
1.83537	1.55964	11.0692	2.10889	
1.75905	1.4846	10.9991	2.07838	
1.73174	1.39636	11.2156	2.09935	
1.65107	1.32112	11.1512	2.07536	
1.61747	1.23355	11.371	2.1028	
1.53461	1.16134	11.312	2.08543	
1.49718	1.07777	11.5345	2.11918	
1.41444	1.01174	11.4804	2.10827	
1.37576	0.935305	11.7048	2.14792	
1.2955	0.878336	11.655	2.14304	
1.25813	0.811896	11.8805	2.18794	
1.18264	0.766531	11.8342	2.18845	
1.14907	0.712525	12.0597	2.23772	
1.08049	0.680845	12.0161	2.24274	
1.053	0.64121	12.2407	2.29532	
0.993237	0.624754	12.1989	2.30382	
0.973828	0.60085	12.4215	2.3585	
0.924463	0.600552	12.3804	2.36932	
0.914788	0.593109	12.6	2.4248	
0.877015	0.609256	12.559	2.43669	
0.878312	0.618346	12.7746	2.49161	
0.852885	0.65057	12.7326	2.50331	
0.86593	0.675608	12.9434	2.55632	
0.853129	0.722892	12.8998	2.56658	
0.878214	0.762661	13.1051	2.61639	
0.877828	0.823386	13.0592	2.62404	
0.914753	0.876087	13.2584	2.66946	
0.926085	0.948088	13.2098	2.67345	
0.974169	1.01142	13.4024	2.71345	
0.99606	1.09207	13.3508	2.7129	
1.05418	1.1633	13.5367	2.74664	
1.08505	1.24963	13.482	2.74088	
1.15167	1.32575	13.6613	2.76775	
1.18958	1.41454	13.6035	2.75633	
1.26284	1.49234	13.7763	2.77597	
1.30556	1.58025	13.7158	2.7587	
1.38336	1.65648	13.8825	2.771	
1.42845	1.74022	13.8196	2.74795	
1.5085	1.81169	13.9808	2.75307	
1.55342	1.88809	13.9163	2.72457	
1.63337	1.95185	14.0727	2.72295	
1.67557	2.01803	14.0072	2.68955	
1.7531	2.07143	14.1598	2.68185	
1.7901	2.12489	14.0941	2.64436	
1.86301	2.16573	14.2437	2.63146	
1.89252	2.20446	14.1788	2.59084	
1.95882	2.23106	14.3265	2.57381	
1.97882	2.25362	14.2632	2.53121	
2.03682	2.26487	14.4101	2.51124	
2.04562	2.27045	14.3494	2.4679	
2.094	2.2659	14.4965	2.44629	
2.09035	2.25432	14.4392	2.4035	
2.1282	2.23417	14.5874	2.38156	
2.11128	2.20592	14.5343	2.34064	
2.13817	2.17101	14.6846	2.31969	
2.10764	2.12723	14.6363	2.28189	
2.12361	2.079	14.7894	2.26318	
2.07966	2.02141	14.7465	2.22965	
2.08524	1.96188	14.9028	2.21431	
2.02851	1.89274	14.8656	2.18606	
2.02467	1.82439	15.0258	2.17507	
1.9563	1.74636	14.9944	2.15294	
1.94446	1.67205	15.1585	2.14705	
1.86597	1.58816	15.1329	2.13165	
1.8479	1.51102	15.3011	2.13141	
1.76117	1.42448	15.281	2.1231	
1.73896	1.34775	15.4531	2.1288	
1.64615	1.26185	15.4381	2.12768	
1.62209	1.18881	15.6137	2.13936	
1.52554	1.10681	15.6031	2.14527	
1.50207	1.0406	15.7818	2.1627	
1.40421	0.965548	15.7748	2.17521	
1.38377	0.909059	15.9559	2.19791	
1.28705	0.843721	15.9517	2.21636	
1.27203	0.799486	16.1344	2.24362	
1.17878	0.746208	16.132	2.26712	
1.17141	0.71629	16.3155	2.29803	
1.08376	0.676916	16.3138	2.32551	
1.08601	0.66283	16.4972	2.359	
1.00582	0.638624	16.4951	2.38923	
1.01935	0.641276	16.6775	2.42412	
0.948127	0.632875	16.674	2.4558	
0.974173	0.652525	16.8546	2.49082	
0.913018	0.659917	16.8486	2.52259	
0.952388	0.696164	17.0266	2.55646	
0.901938	0.718686	17.0173	2.58697	
0.954957	0.77049	17.192	2.61846	
0.915374	0.806855	17.1786	2.64641	
0.98187	0.872572	17.3495	2.67436	
0.952835	0.920927	17.3313	2.69858	
1.03215	0.998375	17.498	2.72196	
1.01287	1.05637	17.4746	2.74141	
1.10388	1.14292	17.637	2.75938	
1.09314	1.20781	17.6082	2.77325	
1.19429	1.30047	17.7662	2.78517	
1.19048	1.36921	17.7318	2.79285	
1.29988	1.46479	17.8857	2.79832	
1.30106	1.53418	17.846	2.79945	
1.41652	1.62935	17.9961	2.79834	
1.42053	1.69616	17.9513	2.79282	
1.53964	1.78763	18.0983	2.78524	
1.54417	1.8487	18.0489	2.77325	
1.66444	1.93335	18.1934	2.75959	
1.66711	1.98577	18.1402	2.74156	
1.78602	2.06074	18.2829	2.72244	
1.78451	2.10192	18.2267	2.69902	
1.89962	2.16476	18.3687	2.67529	
1.89174	2.19254	18.3103	2.64737	
2.0008	2.24129	18.4526	2.62006	
1.98458	2.25407	18.3929	2.58868	
2.08562	2.28732	18.5365	2.55899	
2.05941	2.28408	18.4764	2.52533	
2.15078	2.30105	18.6224	2.49453	
2.1133	2.2814	18.5629	2.45985	
2.19376	2.28196	18.7122	2.4293	
2.14416	2.24618	18.6542	2.39489	
2.21294	2.23085	18.8075	2.36593	
2.15085	2.17985	18.7517	2.33305	
2.20763	2.14978	18.91	2.30697	
2.13316	2.08509	18.857	2.27683	
2.17812	2.04203	19.0207	2.25482	
2.09186	1.96572	18.9711	2.22848	
2.12568	1.91191	19.1407	2.21159	
2.02868	1.82652	19.0946	2.18996	
2.05246	1.76464	19.2703	2.17903	
1.94622	1.67308	19.228	2.16282	
1.96147	1.60611	19.4098	2.15847	
1.84782	1.51154	19.3712	2.14815	
1.85639	1.44268	19.5589	2.15078	
1.73749	1.34838	19.5236	2.14657	
1.74149	1.28086	19.7168	2.15628	
1.6197	1.19013	19.6845	2.15814	
1.62142	1.12714	19.8828	2.17479	
1.49923	1.04313	19.8528	2.18242	
1.50103	0.987651	20.0553	2.20561	
1.38094	0.913255	20.027	2.21846	
1.38519	0.867978	20.2328	2.24753	
1.26964	0.80572	20.2053	2.26484	
1.27856	0.772901	20.4137	2.29892	
1.16983	0.724834	20.386	2.31971	
1.18545	0.706222	20.5958	2.35776	
1.08558	0.673845	20.567	2.3809	
1.10965	0.670608	20.7773	2.42173	
1.0203	0.65481	20.7465	2.44598	
1.05421	0.667488	20.9562	2.4883	
0.976689	0.66851	20.9225	2.51237	
1.02141	0.696993	21.1307	2.55486	
0.956552	0.714423	21.0933	2.57742	
1.0126	0.757955	21.2991	2.61877	
0.960772	0.79074	21.2572	2.63857	
1.02817	0.84795	21.46	2.67752	
0.989255	0.894442	21.4132	2.69337	
1.06757	0.963396	21.6123	2.7288	
1.04094	1.02142	21.5601	2.73965	
1.12925	1.0997	21.7551	2.77058	
1.11386	1.16663	21.6974	2.77559	
1.21082	1.25143	21.8882	2.80122	
1.20516	1.32431	21.8249	2.79975	
1.30906	1.41255	22.0113	2.81954	
1.3113	1.4882	21.9427	2.81118	
1.42011	1.57665	22.125	2.82483	
1.42813	1.6518	22.0515	2.80945	
1.53958	1.73718	22.23	2.8169	
1.55106	1.8086	22.1521	2.79462	
1.66275	1.88778	22.3274	2.7961	
1.67527	1.95238	22.2458	2.76731	
1.78477	2.02243	22.4186	2.76328	
1.79591	2.07745	22.3342	2.72862	
1.90081	2.13579	22.5051	2.71978	
1.90824	2.17884	22.4189	2.68009	
2.0063	2.22335	22.589	2.66735	
2.00787	2.25254	22.502	2.62369	
2.09708	2.28163	22.672	2.60812	
2.09091	2.29564	22.5853	2.56167	
2.16959	2.30833	22.7562	2.54446	
2.15415	2.30646	22.6707	2.49651	
2.22097	2.30241	22.8435	2.47893	
2.19513	2.28459	22.7603	2.43083	
2.24924	2.2641	22.9356	2.41418	
2.21232	2.23094	22.8556	2.36727	
2.25332	2.19496	23.0342	2.3528	
2.20511	2.14767	22.9581	2.30836	
2.2331	2.09775	23.1407	2.29727	
2.17389	2.03813	23.0691	2.25648	
2.18943	1.97638	23.2559	2.24982	
2.11997	1.90672	23.1893	2.2137	
2.12412	1.83568	23.3807	2.21235	
2.04559	1.7587	23.3193	2.18176	
2.03981	1.6813	23.5153	2.18638	
1.95379	1.59999	23.4592	2.16192	
1.93992	1.51939	23.6596	2.17297	
1.84833	1.43694	23.6086	2.15501	
1.82849	1.35643	23.8131	2.17266	
1.73348	1.27608	23.7669	2.16131	
1.71001	1.19891	23.975	2.18549	
1.6139	1.12383	23.9331	2.18059	
1.58926	1.05315	24.1441	2.21095	
1.49443	0.98629	24.1057	2.21209	
1.4711	0.924946	24.3188	2.24804	
1.37991	0.86895	24.2833	2.25457	
1.36031	0.819432	24.4976	2.29531	
1.27498	0.776505	24.464	2.30635	
1.26133	0.740823	24.6784	2.35087	
1.1839	0.712652	24.6458	2.36539	
1.17819	0.692259	24.8595	2.41252	
1.11036	0.679948	24.8269	2.42934	
1.11424	0.675688	25.0387	2.47781	
1.05735	0.679707	25.0052	2.49567	
1.07208	0.691777	25.2143	2.54416	
1.02708	0.711949	25.1791	2.56176	
1.05345	0.739895	25.3845	2.60893	
1.02079	0.775397	25.3467	2.62498	
1.05915	0.818133	25.5477	2.66954	
1.03881	0.867529	25.5067	2.68284	
1.08901	0.923381	25.7027	2.72359	
1.08048	0.984682	25.658	2.73304	
1.14188	1.05145	25.8487	2.76893	
1.1442	1.12219	25.8	2.7736	
1.21572	1.19726	25.9849	2.80377	
1.22749	1.27459	25.9321	2.80292	
1.30765	1.35499	26.1113	2.82672	
1.32708	1.4358	26.0544	2.81985	
1.41405	1.51839	26.2281	2.83688	
1.43908	1.59941	26.1673	2.82374	
1.53075	1.68093	26.3359	2.83385	
1.55906	1.7589	26.2717	2.81445	
1.65315	1.83618	26.4355	2.81776	
1.68231	1.90794	26.3685	2.79236	
1.77644	1.97794	26.5285	2.78926	
1.80396	2.04058	26.4594	2.75839	
1.89578	2.10059	26.6161	2.7495	
1.91924	2.15156	26.5458	2.7139	
2.00646	2.19926	26.7004	2.70007	
2.02359	2.23645	26.6297	2.66068	
2.10414	2.27004	26.783	2.64294	
2.11292	2.29189	26.713	2.60089	
2.18501	2.31012	26.8661	2.5804	
2.18372	2.31567	26.7977	2.53691	
2.2459	2.31793	26.9515	2.51496	
2.23323	2.30687	26.8856	2.47133	
2.28446	2.29318	27.0411	2.44923	
2.25953	2.26585	26.9785	2.40677	
2.29923	2.23689	27.1366	2.38583	
2.26162	2.19425	27.0781	2.34582	
2.2897	2.1513	27.2395	2.3273	
2.23949	2.09494	27.1856	2.29095	
2.25631	2.03987	27.3508	2.27599	
2.19407	1.97189	27.302	2.24434	
2.20047	1.90705	27.4715	2.23393	
2.12721	1.83002	27.428	2.20787	
2.12448	1.75816	27.6019	2.20282	
2.04165	1.67498	27.5638	2.18303	
2.03145	1.59915	27.7422	2.1839	
1.94085	1.51298	27.7092	2.1708	
1.92516	1.43639	27.8919	2.17793	
1.82888	1.35047	27.8639	2.17171	
1.80993	1.27637	28.0505	2.18515	
1.71025	1.19394	28.0267	2.18571	
1.69041	1.1255	28.2168	2.20528	
1.58974	1.04963	28.1967	2.21228	
1.57145	0.989807	28.3895	2.23753	
1.4722	0.92331	28.3721	2.25036	
1.45786	0.874708	28.5669	2.28061	
1.36238	0.820008	28.5514	2.29846	
1.35425	0.784809	28.7472	2.33281	
1.26469	0.743847	28.7327	2.35466	
1.26481	0.723706	28.9286	2.39206	
1.18308	0.697866	28.9139	2.41675	
1.19317	0.693846	29.109	2.45599	
1.12084	0.683898	29.0931	2.48225	
1.14228	0.69643	29.2866	2.52208	
1.08051	0.702503	29.2686	2.54857	
1.11421	0.731364	29.4594	2.58768	
1.06374	0.752938	29.4384	2.61308	
1.11017	0.797268	29.626	2.65019	
1.07124	0.833194	29.6012	2.67322	
1.13037	0.891522	29.7849	2.70713	
1.10275	0.940073	29.7557	2.7266	
1.17408	1.01038	29.935	2.75623	
1.15707	1.06932	29.901	2.77111	
1.23963	1.14911	30.0757	2.79555	
1.23207	1.21578	30.0367	2.80498	
1.32446	1.30219	30.2066	2.82353	
1.32482	1.37362	30.1624	2.82688	
1.42527	1.46354	30.3277	2.83905	
1.43166	1.53655	30.2786	2.83594	
1.53809	1.62673	30.4396	2.84152	
1.54839	1.69808	30.3858	2.83182	
1.65851	1.78526	30.543	2.83084	
1.67039	1.85179	30.4851	2.81469	
1.78178	1.93284	30.6391	2.80746	
1.79285	1.99154	30.5776	2.78524	
1.90306	2.06358	30.7292	2.77231	
1.91095	2.11179	30.6651	2.74466	
2.01757	2.17229	30.8152	2.7268	
2.02003	2.20774	30.7493	2.69457	
2.12083	2.25466	30.8989	2.67277	
2.11579	2.27558	30.8321	2.63699	
2.20878	2.3074	30.9821	2.61237	
2.19448	2.31263	30.9154	2.57421	
2.27799	2.32844	31.0668	2.54803	
2.25301	2.31741	31.0012	2.50876	
2.32575	2.31695	31.1551	2.48233	
2.2891	2.28975	31.0913	2.44323	
2.35024	2.2734	31.2485	2.41789	
2.30137	2.23076	31.1874	2.38026	
2.35054	2.19953	31.3487	2.3573	
2.28941	2.14282	31.291	2.32237	
2.32671	2.09832	31.4569	2.30298	
2.25373	2.02943	31.4031	2.27186	
2.27976	1.9738	31.5741	2.2571	
2.19584	1.89514	31.5246	2.23075	
2.21162	1.83096	31.7009	2.22152	
2.11808	1.74531	31.6558	2.2007	
2.12509	1.67549	31.8376	2.19766	
2.02363	1.58593	31.7968	2.1829	
2.02367	1.51361	31.9839	2.18647	
1.91632	1.42336	31.9472	2.17806	
1.91145	1.35177	32.1392	2.18843	
1.80047	1.26409	32.1064	2.18639	
1.79299	1.19643	32.3028	2.20345	
1.68078	1.11449	32.2731	2.20755	
1.67305	1.0538	32.4733	2.23096	
1.56207	0.980522	32.446	2.24071	
1.55649	0.929556	32.6492	2.26986	
1.44914	0.867541	32.6235	2.28454	
1.44799	0.828665	32.8288	2.31861	
1.34654	0.780058	32.8037	2.3373	
1.35194	0.755146	33.0102	2.37529	
1.25844	0.721568	32.9848	2.3969	
1.27222	0.711933	33.1914	2.43765	
1.18841	0.694408	33.1648	2.46095	
1.21206	0.70075	33.3705	2.5032	
1.13929	0.69967	33.3417	2.52691	
1.17392	0.722041	33.5456	2.56935	
1.1131	0.737148	33.5137	2.59215	
1.15936	0.774958	33.715	2.63347	
1.11096	0.805356	33.6793	2.65407	
1.16901	0.857392	33.8773	2.69301	
1.13299	0.901581	33.8372	2.71021	
1.20253	0.966055	34.0312	2.74562	
1.1784	1.02199	33.9862	2.75834	
1.25865	1.09662	34.1759	2.78921	
1.24542	1.1618	34.1258	2.79654	
1.33516	1.24387	34.3108	2.82205	
1.33145	1.31544	34.2555	2.82329	
1.42908	1.40195	34.436	2.84284	
1.43313	1.47679	34.3756	2.83754	
1.53669	1.56456	34.5516	2.85078	
1.54645	1.63943	34.4864	2.83871	
1.65377	1.72521	34.6583	2.84555	
1.66697	1.79689	34.5888	2.82677	
1.77569	1.87751	34.7572	2.82737	
1.78994	1.94291	34.6841	2.8022	
1.89765	2.01538	34.8496	2.79699	
1.91053	2.07166	34.7736	2.76598	
2.01482	2.13335	34.937	2.75562	
2.024	2.17804	34.8591	2.71956	
2.12259	2.2267	35.0212	2.70492	
2.12589	2.25781	34.9424	2.66481	
2.21672	2.29173	35.1043	2.64693	
2.2122	2.30782	35.0254	2.6039	
2.29351	2.32585	35.188	2.58398	
2.27957	2.32608	35.1102	2.53928	
2.34994	2.32771	35.2744	2.51857	
2.32537	2.31187	35.1986	2.47352	
2.38382	2.29725	35.3653	2.45333	
2.34785	2.26578	35.2924	2.40925	
2.39385	2.23569	35.4623	2.39086	
2.34617	2.18967	35.393	2.34903	
2.37969	2.14548	35.5668	2.33367	
2.32049	2.08657	35.5017	2.29529	
2.34195	2.03024	35.6799	2.28405	
2.27188	1.96062	35.6196	2.25015	
2.2822	1.89457	35.8024	2.24397	
2.20235	1.81684	35.747	2.21543	
2.20286	1.74388	35.9346	2.21505	
2.11474	1.66099	35.8843	2.19252	
2.10717	1.58418	36.0766	2.19845	
2.01262	1.49927	36.0312	2.18233	
1.99897	1.42186	36.2279	2.19482	
1.90012	1.33816	36.1871	2.18527	
1.88265	1.26339	36.3878	2.20433	
1.78178	1.18408	36.3511	2.20123	
1.76289	1.11508	36.5552	2.22659	
1.6624	1.04318	36.5219	2.22959	
1.64452	0.982854	36.7286	2.26073	
1.54679	0.921092	36.6979	2.26921	
1.53231	0.871989	36.9065	2.30539	
1.43962	0.822676	36.8775	2.31852	
1.43079	0.786906	37.0869	2.3588	
1.34523	0.751865	37.0588	2.37556	
1.34405	0.730997	37.2679	2.41882	
1.26744	0.711486	37.2397	2.43807	
1.2756	0.706494	37.4476	2.48307	
1.20941	0.70315	37.4183	2.50355	
1.22823	0.714374	37.6242	2.549	
1.17351	0.727191	37.5928	2.5694	
1.20387	0.754325	37.7957	2.61398	
1.16123	0.782655	37.7616	2.63301	
1.20355	0.824755	37.9606	2.67542	
1.17311	0.867329	37.9231	2.69184	
1.22733	0.922859	38.1177	2.73088	
1.20875	0.977842	38.0761	2.74357	
1.27431	1.04473	38.2659	2.77815	
1.26676	1.10979	38.2199	2.78613	
1.34268	1.18551	38.4046	2.81536	
1.3449	1.25791	38.354	2.81783	
1.42976	1.33958	38.5334	2.84102	
1.44011	1.41631	38.4783	2.83743	
1.53214	1.50083	38.6526	2.85412	
1.54864	1.57867	38.5932	2.84415	
1.64578	1.66281	38.7626	2.85414	
1.66622	1.73852	38.6993	2.83772	
1.76621	1.81908	38.8644	2.84109	
1.78822	1.8895	38.7976	2.81843	
1.88869	1.96342	38.959	2.81548	
1.90983	2.0256	38.8896	2.78704	
2.0084	2.09008	39.0481	2.77835	
2.02627	2.14138	38.9768	2.74482	
2.12061	2.19403	39.1333	2.73118	
2.13293	2.23225	39.0611	2.69346	
2.22092	2.27112	39.2164	2.67586	
2.22564	2.29459	39.1443	2.63501	
2.30538	2.3183	39.2995	2.61459	
2.30074	2.32592	39.2283	2.57182	
2.3707	2.3337	39.3845	2.54983	
2.3553	2.32501	39.3152	2.50642	
2.41433	2.31671	39.4732	2.48415	
2.38721	2.29188	39.4067	2.44141	
2.43459	2.26803	39.5674	2.42018	
2.39524	2.22789	39.5045	2.37941	
2.43074	2.1896	39.6685	2.36047	
2.37914	2.13557	39.6099	2.32288	
2.403	2.08457	39.7779	2.30741	
2.3396	2.01862	39.724	2.27409	
2.35253	1.95714	39.8964	2.26311	
2.27825	1.88172	39.8474	2.235	
2.28141	1.81239	40.0245	2.22935	
2.1976	1.73031	39.9807	2.20717	
2.19255	1.65611	40.1624	2.20746	
2.10091	1.57045	40.1236	2.19171	
2.08955	1.49454	40.3099	2.19832	
1.99211	1.40851	40.2758	2.18924	
1.97657	1.33412	40.4663	2.20231	
1.87556	1.25096	40.4365	2.19988	
1.85819	1.18126	40.6307	2.21925	
1.75599	1.10406	40.6045	2.2232	
1.73919	1.04206	40.8017	2.24849	
1.63819	0.973691	40.7785	2.25828	
1.62436	0.922079	40.9779	2.28885	
1.52693	0.865039	40.9567	2.30373	
1.51836	0.826098	41.1575	2.33872	
1.42669	0.782438	41.1373	2.35773	
1.42547	0.757952	41.3385	2.39613	
1.34152	0.729181	41.3184	2.41815	
1.34945	0.720359	41.519	2.45878	
1.27485	0.707389	41.4979	2.48258	
1.29339	0.714821	41.6971	2.52418	
1.2294	0.717931	41.6742	2.54845	
1.25958	0.741562	41.8709	2.58972	
1.20703	0.760383	41.8452	2.61316	
1.24943	0.799519	42.0389	2.6528	
1.20868	0.833053	42.0096	2.67411	
1.26341	0.886382	42.1994	2.71091	
1.23432	0.933041	42.1661	2.7289	
1.30101	0.998693	42.3515	2.76172	
1.28299	1.05636	42.3136	2.77533	
1.3608	1.13198	42.4943	2.80323	
1.3528	1.1981	42.4515	2.81158	
1.44044	1.28092	42.6274	2.83378	
1.441	1.3526	42.5796	2.83619	
1.53682	1.4396	42.7508	2.85216	
1.54414	1.51371	42.6981	2.8482	
1.64616	1.60168	42.8647	2.85764	
1.65815	1.675	42.8075	2.84713	
1.76416	1.76071	42.97	2.85	
1.77853	1.83006	42.9087	2.83303	
1.88616	1.91036	43.0677	2.82957	
1.90055	1.9727	43.003	2.80648	
2.00738	2.04467	43.1592	2.79716	
2.01938	2.09724	43.0918	2.76852	
2.12302	2.1583	43.2461	2.75407	
2.13035	2.19873	43.1769	2.72069	
2.22855	2.24671	43.3301	2.70201	
2.22908	2.27311	43.2601	2.6649	
2.31982	2.30639	43.4133	2.64309	
2.31169	2.31745	43.3434	2.60337	
2.39324	2.33498	43.4976	2.57964	
2.37494	2.32997	43.4287	2.53857	
2.44596	2.33135	43.5848	2.51421	
2.41638	2.31019	43.518	2.47308	
2.47594	2.29564	43.6768	2.4494	
2.43439	2.2589	43.6128	2.40952	
2.48203	2.22929	43.7752	2.38781	
2.42834	2.17816	43.7147	2.35042	
2.46406	2.13496	43.8813	2.3319	
2.3985	2.07119	43.8248	2.29814	
2.4228	2.01641	43.9962	2.28391	
2.34614	1.94227	43.9441	2.25477	
2.35997	1.87837	44.1205	2.24574	
2.27339	1.79655	44.0731	2.22205	
2.27812	1.72637	44.2545	2.21893	
2.18322	1.63984	44.2118	2.20127	
2.18057	1.56645	44.3983	2.20454	
2.07928	1.47839	44.36	2.19327	
2.07129	1.40501	44.5512	2.20317	
1.96576	1.31865	44.5171	2.19837	
1.95467	1.24848	44.7126	2.21486	
1.84726	1.16699	44.682	2.21637	
1.83542	1.10311	44.8811	2.23915	
1.72855	1.02946	44.8534	2.24655	
1.71837	0.974693	45.0555	2.27509	
1.61443	0.911546	45.0298	2.2877	
1.60822	0.868349	45.2339	2.32123	
1.50949	0.817953	45.2094	2.33819	
1.50942	0.788318	45.4146	2.37575	
1.41798	0.752413	45.3902	2.39602	
1.42596	0.737791	45.5956	2.43648	
1.3436	0.717541	45.5705	2.45886	
1.36123	0.718782	45.7749	2.501	
1.28938	0.714728	45.7481	2.52422	
1.31786	0.732046	45.9507	2.56675	
1.25752	0.744088	45.9213	2.5895	
1.29762	0.777053	46.1213	2.6311	
1.24936	0.804449	46.0885	2.6521	
1.30138	0.852007	46.2851	2.6915	
1.26528	0.893408	46.2482	2.70952	
1.32903	0.953919	46.4408	2.74555	
1.30468	1.00742	46.3994	2.75947	
1.37952	1.07872	46.5876	2.7911	
1.36607	1.14194	46.5412	2.79997	
1.45089	1.22145	46.7247	2.82633	
1.44704	1.29161	46.6734	2.82941	
1.54035	1.3764	46.8521	2.84986	
1.54442	1.45047	46.7958	2.84662	
1.64437	1.5374	46.9699	2.86075	
1.6544	1.61218	46.9089	2.85091	
1.75887	1.69803	47.0788	2.85857	
1.77264	1.7703	47.0134	2.84212	
1.87932	1.8519	47.1795	2.84342	
1.89448	1.91855	47.1104	2.8206	
2.00099	1.99286	47.2734	2.8159	
2.01512	2.051	47.2014	2.78722	
2.11906	2.11532	47.362	2.77713	
2.12983	2.1624	47.2879	2.7433	
2.22889	2.21438	47.447	2.72865	
2.23407	2.2483	47.3718	2.69061	
2.32615	2.2861	47.5303	2.67241	
2.32376	2.3053	47.455	2.63125	
2.40702	2.32764	47.6139	2.61064	
2.39539	2.33112	47.5394	2.56758	
2.46832	2.33734	47.6997	2.54583	
2.44615	2.32476	47.6269	2.50215	
2.50768	2.31482	47.7895	2.48055	
2.47409	2.28646	47.7194	2.43758	
2.52357	2.26099	47.8851	2.41742	
2.47815	2.21778	47.8183	2.37643	
2.51542	2.17799	47.9878	2.35896	
2.45824	2.12144	47.9251	2.32116	
2.48361	2.06915	48.0988	2.3075	
2.41521	2.00132	48.0406	2.27395	
2.42946	1.93882	48.219	2.26509	
2.35084	1.86219	48.1657	2.23671	
2.35518	1.79218	48.3489	2.23344	
2.26775	1.70962	48.3005	2.21091	
2.2638	1.63509	48.4885	2.2138	
2.16932	1.5497	48.4449	2.19759	
2.15901	1.47382	48.6375	2.20696	
2.05954	1.3888	48.5985	2.19728	
2.04505	1.31481	48.7953	2.2132	
1.94284	1.23334	48.7604	2.20999	
1.9265	1.16438	48.9608	2.23227	
1.82392	1.08953	48.9293	2.23521	
1.80816	1.02855	49.1327	2.26341	
1.7076	0.963107	49.1039	2.27195	
1.69479	0.912728	49.3094	2.30538	
1.59857	0.859105	49.2825	2.31875	
1.59096	0.82153	49.4892	2.35651	
1.50123	0.781674	49.4631	2.37373	
1.50087	0.758593	49.67	2.41477	
1.41951	0.733902	49.6439	2.43471	
1.42815	0.726425	49.85	2.47783	
1.35673	0.717693	49.8229	2.49926	
1.37577	0.726307	50.0273	2.54318	
1.31545	0.733692	49.9982	2.56481	
1.34585	0.758244	50.2	2.60823	
1.29736	0.781262	50.1681	2.62875	
1.33965	0.820961	50.3665	2.67037	
1.30325	0.858504	50.3312	2.68854	
1.35746	0.911956	50.5255	2.72714	
1.33292	0.962339	50.4861	2.7418	
1.39862	1.0276	50.6758	2.77627	
1.38525	1.08863	50.632	2.7864	
1.46154	1.16329	50.8168	2.81582	
1.45822	1.23233	50.7683	2.82058	
1.54377	1.3136	50.9481	2.8442	
1.54895	1.38773	50.8948	2.84297	
1.64207	1.47256	51.0698	2.86029	
1.65389	1.54862	51.0119	2.8527	
1.75259	1.63383	51.1821	2.86345	
1.7689	1.7086	51.12	2.84937	
1.87098	1.79097	51.286	2.85357	
1.88947	1.86128	51.2202	2.83313	
1.99255	1.93773	51.3825	2.83103	
2.01082	2.0006	51.3136	2.80463	
2.11253	2.06827	51.473	2.79674	
2.12819	2.12099	51.402	2.76502	
2.22619	2.17738	51.5593	2.75208	
2.23694	2.21766	51.4869	2.71587	
2.32904	2.26072	51.6431	2.69882	
2.33281	2.28676	51.5703	2.65915	
2.41706	2.31498	51.7263	2.63909	
2.41201	2.32555	51.6541	2.59713	
2.48679	2.33801	51.8109	2.57528	
2.47145	2.33249	51.7403	2.53229	
2.5355	2.32888	51.8989	2.50993	
2.50883	2.3073	51.8307	2.46721	
2.56131	2.28798	51.9918	2.44565	
2.52269	2.251	51.9269	2.4045	
2.56327	2.21695	52.0914	2.38501	
2.51256	2.16583	52.0304	2.34665	
2.54133	2.11861	52.1988	2.33042	
2.47889	2.05521	52.1423	2.29599	
2.49645	1.99691	52.3152	2.28406	
2.42307	1.92354	52.2634	2.25452	
2.43047	1.8567	52.441	2.24779	
2.3474	1.77608	52.3941	2.22392	
2.34608	1.70357	52.5765	2.22304	
2.25494	1.61871	52.5346	2.20539	
2.24671	1.54365	52.7216	2.21081	
2.14944	1.45771	52.6845	2.19969	
2.13637	1.3833	52.8758	2.21158	
2.03515	1.2995	52.843	2.20704	
2.01952	1.22892	53.0382	2.22533	
1.9167	1.15039	53.0091	2.22715	
1.90088	1.08668	53.2076	2.2515	
1.79884	1.01632	53.1814	2.25922	
1.78524	0.962243	53.3825	2.28905	
1.68635	0.902644	53.3585	2.30198	
1.67727	0.860575	53.5611	2.33649	
1.58374	0.813889	53.5383	2.35372	
1.58131	0.785729	53.7416	2.39192	
1.49517	0.753591	53.7191	2.41238	
1.50127	0.74069	53.9221	2.45315	
1.42421	0.724153	53.8989	2.47564	
1.44037	0.727252	54.1007	2.51772	
1.37376	0.726746	54.0758	2.54096	
1.40111	0.745952	54.2754	2.58306	
1.34586	0.761264	54.2481	2.60574	
1.38511	0.796043	54.4447	2.64658	
1.34168	0.82633	54.414	2.66742	
1.39305	0.875527	54.607	2.70574	
1.36143	0.919346	54.5723	2.72353	
1.42467	0.981236	54.761	2.75818	
1.40439	1.0366	54.7219	2.77184	
1.47877	1.10896	54.906	2.80183	
1.46888	1.17342	54.8621	2.81043	
1.55325	1.2536	55.0414	2.83494	
1.55238	1.32436	54.9926	2.83776	
1.64518	1.40939	55.1671	2.85619	
1.65162	1.48338	55.1135	2.85276	
1.75096	1.57013	55.2833	2.86475	
1.7627	1.64416	55.2252	2.85481	
1.86643	1.72941	55.3907	2.86027	
1.88122	1.80028	55.3284	2.84386	
1.98704	1.88088	55.4902	2.84294	
2.00253	1.94553	55.4245	2.82034	
2.10804	2.01851	55.5832	2.81345	
2.12184	2.07412	55.5147	2.78519	
2.22465	2.13682	55.6712	2.77299	
2.23444	2.18092	55.6008	2.73982	
2.33229	2.23109	55.756	2.72317	
2.3359	2.26169	55.6846	2.68604	
2.42673	2.29758	55.8394	2.66598	
2.42224	2.31321	55.768	2.626	
2.50425	2.33364	55.9234	2.60371	
2.49005	2.33343	55.853	2.56209	
2.56183	2.33784	56.01	2.53883	
2.53671	2.32155	55.9414	2.49687	
2.59722	2.31002	56.1008	2.47395	
2.5604	2.27805	56.0349	2.43294	
2.60908	2.2513	56.1976	2.41165	
2.56023	2.20468	56.1352	2.37285	
2.597	2.16402	56.3018	2.35441	
2.53628	2.10437	56.2434	2.319	
2.5615	2.05167	56.4145	2.30453	
2.48955	1.98111	56.3606	2.27354	
2.50408	1.91874	56.5364	2.26399	
2.42196	1.83984	56.4872	2.23827	
2.42707	1.77052	56.668	2.23441	
2.33627	1.68618	56.6236	2.21461	
2.3336	1.61294	56.8093	2.21697	
2.23595	1.52628	56.7695	2.20351	
2.22746	1.45228	56.9599	2.21236	
2.12505	1.3665	56.9244	2.20539	
2.11293	1.29495	57.119	2.22079	
2.00805	1.21322	57.0873	2.2202	
1.99464	1.14722	57.2857	2.2419	
1.88968	1.07255	57.2571	2.24733	
1.87736	1.01498	57.4584	2.27486	
1.7747	0.950102	57.4322	2.28572	
1.76582	0.90351	57.6357	2.31836	
1.66775	0.85076	57.611	2.33382	
1.66451	0.817244	57.8156	2.37066	
1.57316	0.778482	57.7915	2.38972	
1.57754	0.759624	57.9964	2.42968	
1.49475	0.736149	57.9718	2.4512	
1.50842	0.732945	58.1759	2.49307	
1.43569	0.725448	58.1499	2.51579	
1.45995	0.738268	58.3524	2.55831	
1.3984	0.746803	58.3242	2.58094	
1.43413	0.77538	58.5241	2.6228	
1.38441	0.799363	58.4928	2.64405	
1.43203	0.842797	58.6894	2.68397	
1.39433	0.88103	58.6543	2.70259	
1.45378	0.937831	58.847	2.73938	
1.42782	0.988549	58.8075	2.75424	
1.49858	1.05669	58.9958	2.78684	
1.4836	1.11763	58.9516	2.79694	
1.56468	1.19464	59.1352	2.82444	
1.5595	1.26313	59.0861	2.829	
1.6495	1.34617	59.265	2.85071	
1.65254	1.41925	59.2109	2.84913	
1.74971	1.50524	59.3851	2.86458	
1.75907	1.57977	59.3264	2.85654	
1.86137	1.66552	59.4961	2.86553	
1.8749	1.73828	59.433	2.85094	
1.98008	1.82061	59.5988	2.85351	
1.99546	1.88848	59.532	2.83255	
2.10115	1.96434	59.6944	2.829	
2.116	2.02438	59.6245	2.8021	
2.21981	2.09098	59.7843	2.793	
2.23177	2.14056	59.7122	2.76083	
2.33139	2.19548	59.8703	2.74693	
2.33822	2.23241	59.7968	2.71037	
2.4315	2.27368	59.9541	2.69264	
2.43115	2.29626	59.8802	2.65274	
2.51619	2.32247	60.0377	2.63231	
2.50693	2.32957	59.9644	2.59024	
2.58214	2.33991	60.123	2.56832	
2.56258	2.33103	60.0513	2.52536	
2.62679	2.32531	60.2119	2.50325	
2.59595	2.30059	60.1426	2.4607	
2.6484	2.27926	60.3061	2.43969	
2.60577	2.23946	60.24	2.39883	
2.64618	2.2036	60.4071	2.38017	
2.5917	2.15009	60.3449	2.34222	
2.62027	2.10135	60.5161	2.32708	
2.55436	2.03605	60.4583	2.29313	
2.57175	1.9766	60.6341	2.28252	
2.49531	1.90189	60.5811	2.25352	
2.50262	1.83432	60.7617	2.24828	
2.41696	1.75297	60.7134	2.22496	
2.41569	1.68019	60.8989	2.22572	
2.32248	1.59522	60.8555	2.2086	
2.31448	1.52035	61.0456	2.21574	
2.21571	1.43494	61.0067	2.20509	
2.20309	1.36119	61.2012	2.21875	
2.10095	1.27853	61.1665	2.21457	
2.086	1.20905	61.3647	2.23462	
1.98284	1.13222	61.3336	2.23666	
1.96794	1.06999	61.535	2.26272	
1.86615	1.00184	61.5067	2.27048	
1.85367	0.949562	61.7104	2.30193	
1.75558	0.892595	61.6841	2.31469	
1.7478	0.852563	61.8893	2.35069	
1.65559	0.808839	61.8641	2.36752	
1.6546	0.782859	62.0698	2.40706	
1.57022	0.753908	62.0446	2.42687	
1.57784	0.743228	62.2499	2.46878	
1.50294	0.729993	62.2239	2.49037	
1.52063	0.735248	62.4277	2.53341	
1.45648	0.738044	62.4	2.55549	
1.48531	0.759235	62.6015	2.59836	
1.43273	0.777738	62.5711	2.61964	
1.47333	0.814229	62.7695	2.66105	
1.43271	0.847491	62.7357	2.68027	
1.48521	0.898037	62.9302	2.71898	
1.45646	0.94452	62.8924	2.73495	
1.52055	1.00732	63.0827	2.76985	
1.50309	1.06496	63.0404	2.78152	
1.57798	1.13771	63.226	2.81162	
1.5708	1.204	63.179	2.81812	
1.65525	1.28401	63.3596	2.84265	
1.65692	1.3561	63.3079	2.84329	
1.74935	1.4404	63.4837	2.86168	
1.75809	1.51519	63.4273	2.85603	
1.85658	1.60063	63.5983	2.86797	
1.87033	1.67495	63.5375	2.85585	
1.9727	1.75833	63.7043	2.86127	
1.9892	1.82899	63.6397	2.84275	
2.09315	1.9072	63.8027	2.84185	
2.11003	1.97118	63.7348	2.81725	
2.21317	2.04131	63.8948	2.81049	
2.22806	2.09586	63.8244	2.78039	
2.32805	2.15533	63.9823	2.76845	
2.33862	2.19805	63.9102	2.73362	
2.43324	2.24471	64.0668	2.71739	
2.43738	2.2737	63.994	2.67883	
2.52462	2.3059	64.1503	2.65936	
2.52045	2.31978	64.0778	2.6182	
2.5986	2.33646	64.2347	2.59667	
2.58457	2.33447	64.1635	2.55414	
2.65228	2.33517	64.322	2.53184	
2.62725	2.31719	64.2529	2.48922	
2.68359	2.30211	64.4138	2.46743	
2.64683	2.26863	64.3477	2.42603	
2.69133	2.23858	64.5118	2.40603	
2.6426	2.19073	64.4494	2.36709	
2.67525	2.14714	64.6174	2.35008	
2.61478	2.08661	64.5592	2.31474	
2.63605	2.03143	64.7316	2.30181	
2.56454	1.96043	64.6781	2.27109	
2.57536	1.89607	64.8552	2.26315	
2.49394	1.81721	64.8065	2.23786	
2.49565	1.74646	64.9883	2.23564	
2.40585	1.66266	64.9445	2.21639	
2.40016	1.58858	65.1311	2.22038	
2.30383	1.50297	65.092	2.20753	
2.29274	1.42872	65.2831	2.21797	
2.19202	1.34448	65.2483	2.21164	
2.17775	1.27325	65.4434	2.22851	
2.07491	1.19353	65.4124	2.22856	
2.05982	1.12837	65.611	2.25158	
1.95725	1.05614	65.5832	2.2576	
1.9437	0.999872	65.7844	2.28626	
1.84376	0.937766	65.7589	2.29762	
1.83409	0.892865	65.962	2.33117	
1.73903	0.843143	65.9379	2.34702	
1.7354	0.811619	66.1419	2.38452	
1.64728	0.776038	66.1184	2.40382	
1.65163	0.759372	66.3223	2.44417	
1.57223	0.739123	66.2983	2.46577	
1.58617	0.738205	66.5013	2.50777	
1.51692	0.733868	66.4758	2.53041	
1.54167	0.748959	66.6768	2.57276	
1.4836	0.760479	66.649	2.59514	
1.51998	0.791205	66.8473	2.63656	
1.47365	0.817893	66.8164	2.6574	
1.522	0.863256	67.0112	2.69663	
1.48752	0.903818	66.9765	2.71471	
1.5477	0.962238	67.1672	2.75057	
1.52471	1.01483	67.1282	2.76478	
1.59612	1.0842	67.3143	2.79624	
1.58378	1.14649	67.2706	2.80562	
1.66537	1.22429	67.4521	2.83183	
1.66244	1.29356	67.4035	2.83561	
1.75275	1.37691	67.5801	2.8559	
1.75759	1.45017	67.5268	2.85355	
1.85483	1.53598	67.6986	2.86751	
1.86549	1.61008	67.6407	2.85873	
1.96759	1.69517	67.8082	2.8662	
1.9819	1.76692	67.7461	2.85095	
2.08658	1.84812	67.9097	2.85202	
2.10222	1.91443	67.844	2.83052	
2.20713	1.98874	68.0044	2.82554	
2.22171	2.04673	67.9357	2.79827	
2.32447	2.11143	68.0936	2.78783	
2.33567	2.15856	68.0229	2.75547	
2.43399	2.2113	68.1793	2.74038	
