1	1	2	2	
1.10677	1.09687	2.30323	2.08333	
1.1996	1.18551	2.28886	2.13125	
1.30112	1.263	2.55325	2.15022	
1.3867	1.33005	2.49149	2.13241	
1.47774	1.38263	2.7137	2.08864	
1.55214	1.42393	2.60157	2.00736	
1.62865	1.44773	2.77932	1.90431	
1.68866	1.4602	2.61546	1.76431	
1.74741	1.45188	2.74807	1.60846	
1.79006	1.43252	2.53344	1.41785	
1.82835	1.38747	2.62231	1.22035	
1.8487	1.33061	2.36245	0.99322	
1.86122	1.23696	2.41423	0.775569	
1.84422	1.12689	2.12742	0.538986	
1.81506	0.963353	2.16193	0.334881	
1.73511	0.777204	1.87952	0.125558	
1.64821	0.53534	1.91911	-0.0419197	
1.49189	0.261853	1.66255	-0.196918	
1.3191	-0.0740811	1.74383	-0.295738	
1.00901	-0.605669	1.6005	-0.208524	
0.615479	-0.970602	1.86856	-0.286466	
0.624333	-1.34948	1.37734	-0.350082	
-0.0591111	-1.79035	1.91299	-0.342609	
0.218806	-2.02694	1.13648	-0.528912	
-0.747424	-2.56238	1.94509	-0.400208	
-0.194313	-2.65021	0.890528	-0.698728	
-1.43626	-3.26775	1.97795	-0.445159	
-0.597942	-3.19815	0.648788	-0.849024	
-2.10538	-3.88385	2.01757	-0.470163	
-0.972948	-3.64943	0.417971	-0.973305	
-2.73411	-4.38984	2.06847	-0.47055	
-1.30037	-3.98542	0.203386	-1.06725	
-3.30286	-4.7685	2.13418	-0.443383	
-1.56278	-4.19161	0.00932005	-1.12822	
-3.79414	-5.00729	2.21733	-0.387231	
-1.74516	-4.25848	-0.160921	-1.1551	
-4.19332	-5.09898	2.31964	-0.302089	
-1.83564	-4.18196	-0.305031	-1.14821	
-4.48929	-5.04199	2.4419	-0.189313	
-1.82602	-3.96368	-0.421746	-1.10926	
-4.67484	-4.84051	2.58388	-0.0515437	
-1.71208	-3.61091	-0.510872	-1.04121	
-4.74696	-4.50428	2.74435	0.107397	
-1.4938	-3.13629	-0.573305	-0.948212	
-4.70686	-4.0482	2.92106	0.282616	
-1.17521	-2.55724	-0.611085	-0.835452	
-4.55976	-3.49156	3.11061	0.468195	
-0.763985	-1.89507	-0.62761	-0.709208	
-4.3138	-2.85664	3.30779	0.656768	
-0.269828	-1.1731	-0.628762	-0.57756	
-3.9729	-2.16232	3.49887	0.834357	
0.306291	-0.407649	-0.633083	-0.458202	
-3.82178	-1.88586	3.94742	1.44342	
0.157133	-0.407515	0.14402	0.42241	
-3.7987	-1.8103	4.56782	2.23168	
0.0147789	-0.441877	0.945588	1.29837	
-3.73493	-1.68296	5.16573	2.91196	
-0.0995696	-0.432136	1.7243	2.05758	
-3.62556	-1.50926	5.70992	3.45749	
-0.189729	-0.383952	2.45765	2.67506	
-3.47233	-1.29481	6.17612	3.84518	
-0.256473	-0.30292	3.12095	3.12992	
-3.27773	-1.04607	6.54215	4.05745	
-0.301518	-0.195378	3.69229	3.40719	
-3.04536	-0.770552	6.78933	4.08345	
-0.327636	-0.0686112	4.15366	3.49885	
-2.77996	-0.476683	6.90333	3.91957	
-0.338598	0.0693433	4.49165	3.40429	
-2.48725	-0.173513	6.87481	3.56967	
-0.339022	0.209985	4.69802	3.13032	
-2.17375	0.129604	6.69981	3.04496	
-0.334187	0.34468	4.77004	2.69095	
-1.84658	0.423348	6.37997	2.3636	
-0.3298	0.464995	4.71053	2.1068	
-1.51315	0.698776	5.92248	1.54997	
-0.331758	0.563029	4.52778	1.40432	
-1.18097	0.947636	5.33987	0.633784	
-0.345905	0.631704	4.23517	0.614714	
-0.857407	1.16264	4.64954	-0.351079	
-0.377817	0.665003	3.8507	-0.227208	
-0.549415	1.33769	3.87312	-1.36783	
-0.432618	0.658169	3.39628	-1.08442	
-0.263404	1.46804	3.03576	-2.37819	
-0.514799	0.607904	2.89686	-1.91916	
-0.00499099	1.55061	2.16513	-3.344	
-0.627933	0.512671	2.37939	-2.69457	
0.221323	1.58426	1.29019	-4.22894	
-0.774325	0.372986	1.87146	-3.37646	
0.412453	1.57003	0.439932	-5.00012	
-0.954779	0.191478	1.40015	-3.93467	
0.566858	1.51101	-0.357758	-5.62935	
-1.16858	-0.0272944	0.990857	-4.34429	
0.684527	1.4121	-1.07717	-6.09411	
-1.41355	-0.277147	0.666417	-4.58644	
0.766893	1.27968	-1.69569	-6.37834	
-1.68623	-0.550586	0.446192	-4.64901	
0.816709	1.1213	-2.19464	-6.47303	
-1.98198	-0.839162	0.345347	-4.52705	
0.837895	0.945353	-2.55999	-6.37648	
-2.29526	-1.13387	0.374282	-4.22296	
0.835358	0.76059	-2.78285	-6.09433	
-2.61986	-1.4256	0.538244	-3.74623	
0.81489	0.575884	-2.85999	-5.63936	
-2.94893	-1.70532	0.836899	-3.11328	
0.783009	0.400397	-2.79396	-5.03153	
-3.27423	-1.96344	1.26336	-2.3478	
0.746198	0.243301	-2.59256	-4.29728	
-3.58703	-2.19031	1.80496	-1.4797	
0.710673	0.11268	-2.26848	-3.46772	
-3.87995	-2.37821	2.44531	-0.542267	
0.682248	0.0149763	-1.83899	-2.57717	
-4.14658	-2.52136	3.16427	0.428819	
0.666068	-0.045068	-1.32513	-1.662	
-4.38162	-2.61594	3.93859	1.39672	
0.665936	-0.0648031	-0.750472	-0.758941	
-4.58302	-2.6613	4.74485	2.32595	
0.681798	-0.0452885	-0.137778	0.097842	
-4.77984	-2.63221	5.58809	3.15603	
0.748914	0.0714918	0.452727	0.815407	
-4.90194	-2.50013	6.37251	3.82419	
0.858056	0.268939	1.00416	1.3771	
-4.94932	-2.28887	7.0718	4.32232	
1.0183	0.529092	1.4812	1.77065	
-4.92648	-2.01163	7.66458	4.63533	
1.22324	0.838635	1.86498	1.98332	
-4.83853	-1.68146	8.13152	4.75276	
1.46648	1.1838	2.13854	2.00809	
-4.69214	-1.31269	8.45727	4.67111	
1.74016	1.54971	2.28926	1.84513	
-4.49562	-0.921073	8.63144	4.39466	
2.03466	1.92024	2.30998	1.50251	
-4.25914	-0.52386	8.64951	3.93612	
2.3381	2.27764	2.20014	0.996891	
-3.99536	-0.139596	8.51409	3.31646	
2.63637	2.60331	1.96629	0.352837	
-3.71817	0.215236	8.23407	2.56156	
2.91729	2.88276	1.61817	-0.402442	
-3.43977	0.527928	7.82185	1.70009	
3.17056	3.10536	1.16892	-1.23929	
-3.17105	0.788021	7.29376	0.764392	
3.38651	3.26221	0.636175	-2.1243	
-2.92208	0.986863	6.6703	-0.209962	
3.55629	3.34636	0.0415529	-3.02147	
-2.70184	1.1181	5.97547	-1.1857	
3.67239	3.35334	-0.590329	-3.89386	
-2.51784	1.17805	5.23579	-2.12548	
3.72894	3.28145	-1.23289	-4.70526	
-2.37584	1.16592	4.47925	-2.99344	
3.72202	3.13193	-1.85871	-5.42167	
-2.27959	1.08386	3.7342	-3.75668	
3.64987	2.90896	-2.44064	-6.01273	
-2.23071	0.936893	3.02816	-4.38655	
3.51296	2.61954	-2.95293	-6.45297	
-2.22859	0.732732	2.38682	-4.8598	
3.31401	2.27318	-3.37229	-6.72281	
-2.27046	0.481452	1.83295	-5.15954	
3.05794	1.88162	-3.67881	-6.80941	
-2.35153	0.195086	1.38556	-5.27588	
2.75161	1.45826	-3.85682	-6.70714	
-2.46515	-0.112877	1.05914	-5.20628	
2.40367	1.01775	-3.8955	-6.41779	
-2.60318	-0.428056	0.863134	-4.95567	
2.02415	0.575281	-3.78934	-5.95059	
-2.75629	-0.735773	0.801583	-4.53619	
1.62411	0.146078	-3.53837	-5.32171	
-2.91438	-1.02166	0.872989	-3.96672	
1.21526	-0.255225	-3.14821	-4.55378	
-3.06695	-1.27218	1.07036	-3.27211	
0.809449	-0.615079	-2.62986	-3.67495	
-3.20346	-1.47511	1.38142	-2.48236	
0.418214	-0.921502	-1.99919	-2.71791	
-3.31389	-1.61989	1.78923	-1.63144	
0.0521905	-1.16461	-1.27626	-1.71848	
-3.38975	-1.69808	2.27349	-0.755979	
-0.279013	-1.3365	-0.484779	-0.714702	
-3.42245	-1.69836	2.8094	0.100888	
-0.558773	-1.42244	0.340417	0.245515	
-3.40006	-1.61546	3.365	0.899722	
-0.782434	-1.42329	1.17306	1.1282	
-3.31922	-1.4539	3.91397	1.60989	
-0.947801	-1.34521	1.98681	1.90435	
-3.1793	-1.21982	4.43062	2.20274	
-1.054	-1.19491	2.75509	2.54666	
-2.98137	-0.921067	4.8899	2.65315	
-1.10204	-0.981067	3.45263	3.0322	
-2.72859	-0.567804	5.26888	2.94144	
-1.09504	-0.714563	4.05682	3.34401	
-2.42629	-0.172323	5.54774	3.05431	
-1.0382	-0.408215	4.54863	3.47188	
-2.08174	0.251384	5.71068	2.9855	
-0.938618	-0.0763071	4.91342	3.41279	
-1.70395	0.688145	5.74658	2.73605	
-0.804989	0.265962	5.14152	3.17111	
-1.30334	1.12218	5.64944	2.31428	
-0.647266	0.603064	5.22862	2.75838	
-0.891341	1.53773	5.41869	1.73549	
-0.476253	0.919749	5.17589	2.19289	
-0.479967	1.91961	5.05923	1.02138	
-0.303181	1.20162	4.99	1.49898	
-0.081397	2.2538	4.58127	0.199238	
-0.13928	1.43568	4.68284	0.706114	
0.29246	2.52796	3.99998	-0.69912	
0.00461821	1.6108	4.27108	-0.152288	
0.630375	2.73186	3.33498	-1.63856	
0.118498	1.71817	3.77555	-1.04017	
0.922259	2.8579	2.6095	-2.58217	
0.193652	1.75186	3.22032	-1.92046	
1.15967	2.90166	1.84938	-3.49289	
0.223224	1.70918	2.63151	-2.75672	
1.33626	2.86212	1.08191	-4.33514	
0.202583	1.59089	2.03617	-3.51465	
1.44804	2.74167	0.334756	-5.07615	
0.129463	1.40104	1.46123	-4.16339	
1.49347	2.5459	-0.365109	-5.68717	
0.00399248	1.14671	0.932529	-4.67659	
1.47345	2.28326	-0.992388	-6.14449	
-0.171361	0.837657	0.473777	-5.03343	
1.39125	1.96473	-1.52444	-6.43039	
-0.391903	0.48591	0.105666	-5.2194	
1.25236	1.60335	-1.94217	-6.53382	
-0.650916	0.105274	-0.15496	-5.22689	
1.06426	1.21371	-2.23075	-6.45085	
-0.939942	-0.289237	-0.29575	-5.05548	
0.836056	0.811301	-2.38019	-6.18476	
-1.24916	-0.682038	-0.309302	-4.71188	
0.578148	0.411888	-2.38572	-5.74589	
-1.56788	-1.0577	-0.193359	-4.2096	
0.301706	0.0306671	-2.24792	-5.15104	
-1.88521	-1.40185	0.0493535	-3.56809	
0.018286	-0.318702	-1.97271	-4.42237	
-2.19095	-1.70238	0.411682	-2.81135	
-0.259886	-0.623767	-1.57188	-3.58749	
-2.47391	-1.94816	0.880251	-1.96872	
-0.522113	-0.872509	-1.06092	-2.67954	
-2.72137	-2.12774	1.43503	-1.07548	
-0.761239	-1.05762	-0.456796	-1.73212	
-2.9351	-2.26496	2.06559	-0.136262	
-1.0226	-1.23005	0.271397	-0.724668	
-3.104	-2.33572	2.7443	0.792823	
-1.23458	-1.32303	1.03353	0.242771	
-3.21211	-2.31906	3.43493	1.65659	
-1.39588	-1.33306	1.80651	1.13181	
-3.25586	-2.21705	4.11078	2.422	
-1.50389	-1.26288	2.56344	1.9102	
-3.23267	-2.03329	4.74413	3.05803	
-1.5564	-1.11723	3.27637	2.54884	
-3.14197	-1.77416	5.30833	3.5384	
-1.55333	-0.903558	3.91903	3.02393	
-2.98554	-1.44884	5.77913	3.8428	
-1.49696	-0.631971	4.46809	3.31815	
-2.76754	-1.06906	6.13575	3.95784	
-1.39181	-0.314888	4.90406	3.4214	
-2.49434	-0.648595	6.36176	3.8776	
-1.24452	0.033442	5.21216	3.3312	
-2.17433	-0.202831	6.44573	3.60389	
-1.06356	0.397499	5.38285	3.05281	
-1.8176	0.251896	6.38173	3.14621	
-0.858884	0.761103	5.4122	2.59902	
-1.43554	0.698906	6.16959	2.52136	
-0.641536	1.10805	5.30208	1.98968	
-1.04045	1.12182	5.81491	1.75282	
-0.423209	1.42275	5.06007	1.25087	
-0.645045	1.50515	5.3289	0.869868	
-0.215791	1.6908	4.69914	0.413939	
-0.262009	1.83492	4.72796	-0.0935865	
-0.0309273	1.89952	4.2372	-0.485732	
0.0964086	2.09911	4.03311	-1.10026	
0.12041	2.03846	3.69644	-1.41011	
0.418871	2.2882	3.26919	-2.11102	
0.228419	2.09993	3.10232	-2.32019	
0.6955	2.39576	2.4638	-3.08669	
0.28504	2.07957	2.48242	-3.17774	
0.91842	2.41883	1.64595	-3.9897	
0.284403	1.97657	1.86522	-3.94695	
1.08209	2.35803	0.845024	-4.78559	
0.223045	1.79359	1.27895	-4.59569	
1.18343	2.21739	0.0895706	-5.44425	
0.0999858	1.53657	0.750533	-5.09675	
1.22189	2.00405	-0.593685	-5.94098	
-0.083263	1.21445	0.30457	-5.42884	
1.1994	1.72803	-1.18088	-6.2575	
-0.322773	0.838748	-0.0376614	-5.57741	
1.12026	1.40171	-1.65195	-6.3826	
-0.612358	0.423153	-0.259035	-5.53526	
0.990983	1.03941	-1.99138	-6.31261	
-0.943827	-0.017065	-0.347254	-5.30278	
0.819949	0.656719	-2.18877	-6.0515	
-1.30734	-0.46569	-0.295311	-4.88793	
0.617062	0.269847	-2.23929	-5.61067	
-1.69191	-0.906309	-0.101678	-4.30579	
0.393283	-0.105236	-2.14371	-5.00826	
-2.08605	-1.32327	0.229894	-3.57767	
0.160317	-0.453764	-1.90855	-4.26812	
-2.4786	-1.70285	0.690834	-2.72973	
-0.0692591	-0.761209	-1.5464	-3.42043	
-2.85592	-2.03065	1.26489	-1.79506	
-0.284484	-1.01413	-1.07342	-2.50017	
-3.2053	-2.29399	1.93159	-0.810531	
-0.477212	-1.20364	-0.507973	-1.54286	
-3.54801	-2.52418	2.69966	0.226382	
-0.710966	-1.38975	0.198703	-0.519102	
-3.84973	-2.67862	3.51792	1.24091	
-0.892488	-1.48341	0.934577	0.448633	
-4.0848	-2.72992	4.34023	2.17136	
-1.01412	-1.479	1.66998	1.31988	
-4.24721	-2.67927	5.13726	2.98389	
-1.07192	-1.37865	2.37659	2.06187	
-4.3325	-2.52956	5.87936	3.64697	
-1.06272	-1.18699	3.02549	2.64566	
-4.33866	-2.2871	6.53844	4.13449	
-0.98602	-0.912036	3.59002	3.04834	
-4.26651	-1.96167	7.0894	4.42715	
-0.844073	-0.565072	4.047	3.25422	
-4.11976	-1.5662	7.51119	4.51325	
-0.641911	-0.160308	4.37769	3.25548	
-3.90481	-1.11632	7.78771	4.38924	
-0.387145	0.285685	4.56857	3.05253	
-3.63062	-0.629717	7.90838	4.05983	
-0.0896734	0.754616	4.6119	2.654	
-3.30824	-0.125482	7.86867	3.53786	
0.238699	1.22719	4.50602	2.07642	
-2.95048	0.376642	7.67022	2.84378	
0.584708	1.68382	4.25546	1.34355	
-2.57137	0.856981	7.32081	2.00496	
0.934103	2.10539	3.87079	0.485595	
-2.18571	1.29663	6.83419	1.0546	
1.27211	2.47387	3.36833	-0.462005	
-1.80858	1.6782	6.22956	0.0304567	
1.58408	2.77314	2.76941	-1.46003	
-1.45461	1.98684	5.53075	-1.02698	
1.85639	2.99013	2.09923	-2.46751	
-1.13719	2.21095	4.76501	-2.07626	
2.07709	3.11528	1.38574	-3.44338	
-0.867937	2.34251	3.96191	-3.07646	
2.23617	3.14279	0.658725	-4.34787	
-0.656307	2.37725	3.15232	-3.98868	
2.32594	3.07066	-0.0513597	-5.14402	
-0.509285	2.3148	2.36716	-4.77759	
2.34133	2.90081	-0.714572	-5.79915	
-0.431113	2.15873	1.63619	-5.4128	
2.28008	2.63904	-1.30272	-6.28614	
-0.423144	1.91636	0.986906	-5.87013	
2.14289	2.29476	-1.79047	-6.58455	
-0.483809	1.59849	0.44338	-6.1325	
1.93336	1.88062	-2.15639	-6.68144	
-0.608706	1.21894	0.0253828	-6.19059	
1.65785	1.41204	-2.3838	-6.57184	
-0.790791	0.793941	-0.252403	-6.04326	
1.32526	0.906536	-2.46142	-6.25899	
-1.02069	0.34155	-0.380938	-5.6975	
0.946614	0.383056	-2.38381	-5.75415	
-1.28713	-0.119174	-0.357142	-5.16815	
0.534672	-0.138852	-2.15163	-5.07615	
-1.57743	-0.568987	-0.183927	-4.47723	
0.103329	-0.639923	-1.77149	-4.25048	
-1.8783	-0.989445	0.13013	-3.65282	
-0.332946	-1.10219	-1.25571	-3.30808	
-2.17674	-1.36417	0.5716	-2.72742	
-0.759765	-1.50951	-0.621743	-2.28425	
-2.46385	-1.68156	1.12592	-1.73464	
-1.1704	-1.8522	0.115535	-1.21324	
-2.70954	-1.90849	1.75246	-0.734536	
-1.51956	-2.08692	0.897904	-0.167454	
-2.90242	-2.03843	2.42469	0.235523	
-1.81339	-2.2237	1.71437	0.830806	
-3.03805	-2.07308	3.11914	1.14371	
-2.04538	-2.26212	2.53769	1.74678	
-3.10967	-2.01109	3.80685	1.95386	
-2.20904	-2.20238	3.3379	2.54568	
-3.11242	-1.85441	4.4585	2.63313	
-2.30032	-2.04808	4.08571	3.19689	
-3.04409	-1.60865	5.04608	3.1538	
-2.31789	-1.80647	4.75372	3.67555	
-2.90526	-1.28289	5.5441	3.49443	
-2.26328	-1.48814	5.31766	3.96356	
-2.69934	-0.889437	5.93069	3.64074	
-2.14081	-1.10668	5.75732	4.05035	
-2.43243	-0.443319	6.18844	3.58625	
-1.95743	-0.678124	6.05736	3.93331	
-2.11315	0.0383116	6.30513	3.33253	
-1.72246	-0.220344	6.20795	3.61792	
-1.75223	0.536832	6.27423	2.88913	
-1.44717	0.247682	6.20513	3.11751	
-1.36217	1.03289	6.09518	2.27323	
-1.14437	0.706602	6.05098	2.45274	
-0.956707	1.50715	5.77342	1.50895	
-0.827911	1.13745	5.75355	1.65082	
-0.550301	1.94104	5.32019	0.626451	
-0.5121	1.52235	5.32653	0.744418	
-0.157612	2.31747	4.75214	-0.339261	
-0.211223	1.84524	4.78877	-0.229557	
0.207045	2.62142	4.09067	-1.34967	
0.0610074	2.09242	4.16355	-1.23145	
0.530249	2.84063	3.36117	-2.36433	
0.292029	2.25326	3.47764	-2.22054	
0.800097	2.96624	2.59184	-3.34267	
0.471085	2.32079	2.76006	-3.1568	
1.0068	2.99329	1.8125	-4.24571	
0.589762	2.29205	2.04081	-4.00265	
1.14312	2.92089	1.05334	-5.03763	
0.642303	2.16811	1.34971	-4.72429	
1.20457	2.75213	0.343767	-5.68708	
0.625765	1.95395	0.715267	-5.293	
1.18959	2.49389	-0.288693	-6.16832	
0.540097	1.65821	0.163605	-5.68619	
1.09952	2.15655	-0.819479	-6.46226	
0.388118	1.29276	-0.282586	-5.88832	
0.938584	1.75356	-1.22795	-6.55718	
0.175398	0.87233	-0.604929	-5.89149	
0.713668	1.30088	-1.4982	-6.44922	
-0.089978	0.413809	-0.790079	-5.69572	
0.434062	0.816366	-1.61967	-6.1425	
-0.397758	-0.0643808	-0.830234	-5.30899	
0.111047	0.319015	-1.58757	-5.64896	
-0.735984	-0.543102	-0.723393	-4.74682	
-0.242619	-0.171897	-1.40295	-4.98773	
-1.09162	-1.00342	-0.473277	-4.03149	
-0.613408	-0.637927	-1.07251	-4.18407	
-1.45163	-1.42799	-0.0886324	-3.19054	
-0.988058	-1.0639	-0.60781	-3.26664	
-1.80614	-1.80525	0.419765	-2.25215	
-1.35195	-1.43646	-0.0269651	-2.26839	
-2.13786	-2.12797	1.02858	-1.24597	
-1.7051	-1.75502	0.661486	-1.21487	
-2.43146	-2.37474	1.71151	-0.220651	
-2.01731	-1.98972	1.41409	-0.165254	
-2.67551	-2.53083	2.4417	0.778006	
-2.2804	-2.13207	2.20519	0.83948	
-2.86107	-2.59082	3.1909	1.71098	
-2.48603	-2.17809	3.00551	1.76097	
-2.98045	-2.55234	3.92904	2.5411	
-2.62725	-2.12704	3.7845	2.56356	
-3.02816	-2.41661	4.62606	3.23494	
-2.69956	-1.98184	4.51234	3.21617	
-3.00139	-2.1886	5.25335	3.7644	
-2.7012	-1.7491	5.16124	3.69361	
-2.90015	-1.87686	5.78495	4.10783	
-2.63327	-1.4389	5.70663	3.97766	
-2.72733	-1.49325	6.19861	4.25099	
-2.49968	-1.06439	6.12809	4.05779	
-2.48858	-1.05244	6.47669	4.18756	
-2.30703	-0.641272	6.41021	3.93163	
-2.19212	-0.571389	6.60693	3.91946	
-2.06429	-0.187206	6.54317	3.605	
-1.84839	-0.0686345	6.58285	3.45676	
-1.78252	0.27892	6.52316	3.09175	
-1.46967	0.436414	6.40411	2.81729	
-1.47432	0.737722	6.35251	2.41317	
-1.06962	0.92424	6.07649	2.02594	
-1.15345	1.17009	6.0396	1.59716	
-0.662708	1.37597	5.6117	1.1137	
-0.834183	1.5579	5.59854	0.67715	
-0.263702	1.77409	5.02691	0.116468	
-0.530833	1.88473	5.04863	-0.309177	
0.112869	2.10309	4.34418	-0.926352	
-0.25721	2.13645	4.41365	-1.32139	
0.45325	2.35006	3.58958	-1.97339	
-0.0260726	2.30189	3.72089	-2.31797	
0.74507	2.50539	2.7921	-2.98312	
0.151508	2.37343	2.99995	-3.25816	
0.977984	2.56327	1.98235	-3.91568	
0.26673	2.34744	2.28144	-4.10368	
1.14414	2.52201	1.19129	-4.7345	
0.313424	2.22438	1.59569	-4.82025	
1.23841	2.38396	0.449049	-5.40764	
0.288247	2.00865	0.971654	-5.37879	
1.25858	2.15529	-0.21621	-5.90897	
0.190766	1.70837	0.435755	-5.75657	
1.20534	1.84576	-0.779382	-6.21914	
0.023457	1.33504	0.0108868	-5.93805	
1.0823	1.4683	-1.21939	-6.32639	
-0.208403	0.903067	-0.28451	-5.91553	
0.895759	1.03848	-1.52001	-6.22699	
-0.49696	0.429175	-0.437163	-5.68945	
0.654492	0.573841	-1.67051	-5.92533	
-0.832116	-0.06827	-0.439475	-5.2683	
0.369332	0.0932148	-1.666	-5.43378	
-1.202	-0.570072	-0.289762	-4.66826	
0.0526756	-0.384209	-1.50763	-4.77198	
-1.59365	-1.05718	0.00787759	-3.91231	
-0.282147	-0.840057	-1.20232	-3.96568	
-1.99412	-1.51222	0.444363	-3.02858	
-0.620955	-1.25786	-0.762992	-3.04535	
-2.39146	-1.92133	1.00639	-2.04802	
-0.951749	-1.62227	-0.205577	-2.04638	
-2.78566	-2.31997	1.68748	-0.95799	
-1.35357	-2.01656	0.540018	-0.910833	
-3.16528	-2.66704	2.46485	0.172845	
-1.71446	-2.32916	1.34822	0.220178	
-3.49827	-2.91687	3.2907	1.26755	
-2.02601	-2.54137	2.19287	1.2953	
-3.77241	-3.06128	4.13325	2.28427	
-2.2775	-2.64642	3.04209	2.27336	
-3.97712	-3.09482	4.95935	3.18274	
-2.45935	-2.64085	3.86256	3.11608	
-4.1042	-3.01612	5.73614	3.92713	
-2.56466	-2.52537	4.62202	3.79038	
-4.14837	-2.82816	6.43254	4.48763	
-2.58957	-2.30505	5.29064	4.26984	
-4.10754	-2.53824	7.02057	4.84167	
-2.53349	-1.98911	5.84227	4.53579	
-3.98294	-2.15762	7.47649	4.97488	
-2.39908	-1.59058	6.25546	4.57808	
-3.77905	-1.70119	7.78175	4.88167	
-2.19222	-1.12581	6.51436	4.39551	
-3.50342	-1.18682	7.92373	4.56544	
-1.92169	-0.613769	6.6093	3.99583	
-3.16642	-0.634645	7.89626	4.03847	
-1.59888	-0.0753553	6.53724	3.39547	
-2.7808	-0.066333	7.69986	3.32142	
-1.23733	0.467474	6.30184	2.61889	
-2.36118	0.495828	7.34173	2.44253	
-0.852174	0.992554	5.91331	1.69759	
-1.9235	1.02977	6.8355	1.43653	
-0.45954	1.47838	5.38805	0.668908	
-1.48441	1.51451	6.20065	0.343234	
-0.0759704	1.9049	4.74804	-0.425457	
-1.06065	1.93089	5.46184	-0.793937	
0.282209	2.25432	4.01992	-1.54105	
-0.668417	2.26241	4.64796	-1.92972	
0.59954	2.5118	3.23405	-2.63247	
-0.322721	2.49595	3.79094	-3.01892	
0.862187	2.66628	2.42306	-3.65541	
-0.0366316	2.62244	2.92435	-4.01837	
1.05859	2.71103	1.62048	-4.5685	
0.179315	2.63728	2.08197	-4.88865	
1.17993	2.64384	0.859445	-5.33492	
0.317495	2.5404	1.29652	-5.59561	
1.22039	2.46703	0.171362	-5.92374	
0.373441	2.33623	0.598356	-6.11162	
1.17742	2.18728	-0.415268	-6.31114	
0.345984	2.03341	0.0143603	-6.41666	
1.05176	1.81537	-0.875985	-6.4813	
0.237276	1.64453	-0.433149	-6.49907	
0.847448	1.36573	-1.19134	-6.42706	
0.0526864	1.18554	-0.727277	-6.35604	
0.57163	0.855867	-1.34765	-6.15017	
-0.199429	0.675145	-0.857203	-5.99371	
0.234265	0.305648	-1.33755	-5.66124	
-0.508102	0.133992	-0.81858	-5.42685	
-0.152308	-0.263542	-1.16023	-4.97922	
-0.860274	-0.416215	-0.613616	-4.67822	
-0.573996	-0.829827	-0.821339	-4.13051	
-1.24163	-0.953955	-0.250675	-3.77726	
-1.01599	-1.37248	-0.332296	-3.14711	
-1.63889	-1.46122	0.257779	-2.75651	
-1.46548	-1.87706	0.292309	-2.06106	
-2.02287	-1.92915	0.878207	-1.6453	
-1.91097	-2.33862	1.03411	-0.900487	
-2.39155	-2.33845	1.59925	-0.488602	
-2.32318	-2.72471	1.8521	0.274266	
-2.73107	-2.66688	2.39308	0.66154	
-2.69636	-3.02155	2.72445	1.41797	
-3.02884	-2.90275	3.22908	1.76064	
-3.01757	-3.21875	3.61842	2.48647	
-3.27253	-3.03696	4.07355	2.7652	
-3.27515	-3.30906	4.49964	3.43779	
-3.45173	-3.06423	4.89222	3.63523	
-3.45979	-3.28927	5.33403	4.23437	
-3.55855	-2.98348	5.65181	4.33605	
-3.56493	-3.16043	6.08922	4.84476	
-3.58804	-2.7979	6.32143	4.83971	
-3.58707	-2.92789	6.73593	5.24482	
-3.53837	-2.51489	6.87383	5.12612	
-3.52593	-2.60106	7.2491	5.41877	
-3.41094	-2.14574	7.28653	5.18389	
-3.38447	-2.19305	7.60889	5.35978	
-3.21032	-1.70521	7.54266	5.01079	
-3.16875	-1.7202	7.80152	5.07028	
-2.94407	-1.21092	7.63168	4.61379	
-2.88773	-1.20135	7.81978	4.56185	
-2.62243	-0.682699	7.54979	4.00886	
-2.55286	-0.657165	7.66332	3.85474	
-2.25794	-0.141728	7.30009	3.22026	
-2.17768	-0.109293	7.3387	2.97713	
-1.86493	0.390242	6.89244	2.27963	
-1.77724	0.4205	6.85909	1.96396	
-1.45894	0.89177	6.34309	1.22474	
-1.36756	0.911164	6.24376	0.855552	
-1.05612	1.34255	5.67403	0.0979553	
-0.964943	1.34317	5.51738	-0.303906	
-0.672653	1.72418	4.91216	-1.05534	
-0.585456	1.69926	4.70902	-1.46813	
-0.324105	2.02087	4.08827	-2.18859	
-0.244276	1.96508	3.8511	-2.59056	
-0.0248474	2.22008	3.23578	-3.25589	
0.0449462	2.12993	2.97797	-3.62632	
0.212649	2.31329	2.38935	-4.21411	
0.270777	2.18735	2.12447	-4.53424	
0.378428	2.29636	1.5833	-5.02463	
0.424513	2.13534	1.32445	-5.27841	
0.465441	2.16967	0.850333	-5.65484	
0.500473	1.97642	0.609454	-5.82962	
0.469771	1.93801	0.220215	-6.07935	
0.496171	1.71736	0.00755444	-6.16634	
0.390753	1.6103	-0.281335	-6.28097	
0.412376	1.36895	-0.457748	-6.27561	
0.230975	1.19928	-0.633661	-6.25131	
0.253062	0.945491	-0.768437	-6.15353	
-0.00383317	0.720924	-0.821978	-5.9912	
0.0252263	0.464258	-0.912678	-5.80536	
-0.305057	0.193831	-0.837939	-5.51053	
-0.261431	-0.0552578	-0.885244	-5.24533	
-0.661598	-0.361605	-0.679903	-4.82787	
-0.595	-0.592252	-0.68762	-4.49587	
-1.06051	-0.924242	-0.352808	-3.96946	
-0.962211	-1.12599	-0.327568	-3.58621	
-1.48845	-1.47426	0.132955	-2.96693	
-1.3505	-1.64073	0.182718	-2.5471	
-1.93762	-2.0069	0.767373	-1.84311	
-1.75556	-2.12914	0.834159	-1.40681	
-2.38064	-2.48728	1.51577	-0.656446	
-2.14192	-2.55102	1.58155	-0.231539	
-2.80036	-2.892	2.34891	0.541473	
-2.49741	-2.89012	2.39841	0.932419	
-3.18362	-3.20731	3.23727	1.70528	
-2.80872	-3.13394	3.25313	2.03965	
-3.51664	-3.42178	4.14701	2.78971	
-3.06296	-3.27286	4.11125	3.04612	
-3.78721	-3.52759	5.04303	3.75224	
-3.24926	-3.30118	4.93791	3.91153	
-3.98548	-3.52107	5.89065	4.55507	
-3.35938	-3.21753	5.69945	4.60115	
-4.10445	-3.40298	6.6571	5.1667	
-3.38806	-3.02496	6.36474	5.08721	
-4.14025	-3.17847	7.3128	5.56321	
-3.3333	-2.73087	6.90649	5.35005	
-4.09232	-2.85694	7.83258	5.72923	
-3.1964	-2.34668	7.30233	5.37891	
-3.9634	-2.4516	8.19669	5.65858	
-2.98192	-1.88742	7.53571	5.17236	
-3.75947	-1.97899	8.39154	5.35447	
-2.69756	-1.37111	7.59657	4.73839	
-3.48945	-1.45832	8.41031	4.82941	
-2.35378	-0.818073	7.48173	4.09403	
-3.1649	-0.910701	8.25316	4.10472	
-1.96346	-0.250102	7.19506	3.26475	
-2.79951	-0.358288	7.92723	3.20963	
-1.54133	0.310384	6.74727	2.28341	
-2.40859	0.17656	7.44638	2.1802	
-1.10344	0.841229	6.15555	1.18896	
-2.00843	0.67218	6.83064	1.05783	
-0.6665	1.32139	5.44287	0.0249157	
-1.61571	1.10842	6.10538	-0.11234	
-0.247298	1.73174	4.63712	-1.1623	
-1.24684	1.46742	5.30041	-1.28315	
0.137958	2.05578	3.77004	-2.32521	
-0.917374	1.7343	4.4488	-2.40736	
0.474278	2.28036	2.87594	-3.41722	
-0.641334	1.89792	3.5855	-3.43963	
0.748624	2.39638	1.99021	-4.39465	
-0.430503	1.9514	2.74583	-4.33846	
0.95049	2.39928	1.14784	-5.21859	
-0.29391	1.89244	1.964	-5.06785	
1.07231	2.28907	0.382024	-5.85633	
-0.237498	1.72335	1.2718	-5.59867	
1.1097	2.0703	-0.277068	-6.28263	
-0.263938	1.45084	0.69735	-5.90975	
1.06161	1.75183	-0.803511	-6.48061	
-0.37255	1.08576	0.264034	-5.98869	
0.930371	1.34643	-1.17662	-6.4425	
-0.559357	0.64265	-0.0104171	-5.83234	
0.721522	0.870269	-1.38174	-6.16983	
-0.817268	0.139105	-0.114606	-5.44688	
0.443616	0.342232	-1.41083	-5.67341	
-1.13642	-0.404955	-0.0438634	-4.84755	
0.107794	-0.216931	-1.26271	-4.97275	
-1.50474	-0.968266	0.19973	-4.05783	
-0.272795	-0.785811	-0.94296	-4.09492	
-1.909	-1.52974	0.608025	-3.10787	
-0.683264	-1.34408	-0.463944	-3.07258	
-2.33697	-2.07169	1.16872	-2.03086	
-1.10964	-1.87116	0.157715	-1.94485	
-2.53894	-2.79853	1.62689	-0.643723	
-1.86588	-2.86479	1.22827	-0.237938	
-2.91039	-3.7948	2.36791	1.11173	
-2.6107	-3.96952	2.39399	1.66425	
-3.41032	-4.86684	3.33613	3.01155	
-3.44788	-5.11458	3.74199	3.65913	
-4.01787	-5.97526	4.49214	4.98335	
-4.35025	-6.25953	5.22479	5.67239	
-4.70458	-7.07534	5.78568	6.94798	
-5.28647	-7.35971	6.78805	7.62474	
-5.43864	-8.12275	7.16085	8.82665	
-6.22345	-8.37186	8.37373	9.43895	
-6.18682	-9.07543	8.55899	10.5442	
-7.12745	-9.25592	9.92238	11.043	
-6.91587	-9.89533	9.92103	12.032	
-7.96554	-9.9767	11.3754	12.373	
-7.59384	-10.5499	11.1899	13.2309	
-8.70686	-10.5053	12.6777	13.3757	
-8.19134	-11.0135	12.3127	14.0937	
-9.32387	-10.8201	13.7792	14.0108	
-8.68275	-11.2682	13.2431	14.5864	
-9.79344	-10.908	14.6379	14.2523	
-9.0472	-11.3047	13.9428	14.6904	
-10.0978	-10.7645	15.2203	14.0896	
-9.26944	-11.1226	14.3833	14.4026	
-10.2252	-10.3943	15.504	13.5283	
-9.34041	-10.7306	14.5469	13.7358	
-10.1704	-9.81085	15.4774	12.5893	
-9.25761	-10.1456	14.4276	12.718	
-9.93495	-9.03585	15.1413	11.3086	
-9.02517	-9.39277	14.0311	11.3916	
-9.52714	-8.0985	14.5079	9.73566	
-8.65371	-8.50384	13.3746	9.81119	
-8.96157	-7.03431	13.601	7.93124	
-8.15983	-7.5163	12.4863	8.04191	
-8.25866	-5.88364	12.4548	5.96528	
-7.56551	-6.47169	11.404	6.15644	
-7.44384	-4.69018	11.1125	3.91394	
-6.89716	-5.41396	10.1737	4.23225	
-6.54659	-3.49914	9.62465	1.85668	
-6.18459	-4.38772	8.84762	2.34851	
-5.59921	-2.35553	8.0473	-0.126963	
-5.45973	-3.43644	7.48235	0.582873	
-4.63565	-1.30238	6.43959	-1.96049	
-4.75542	-2.60073	6.13634	-0.991601	
-3.6901	-0.379006	4.86152	-3.57347	
-4.10405	-1.91674	4.86766	-2.30932	
-2.79574	0.380425	3.3716	-4.90425	
-3.5363	-1.41474	3.73172	-3.31475	
-1.98348	0.948229	2.02456	-5.90238	
-3.07994	-1.11794	2.77903	-3.96465	
-1.28069	1.30431	0.869211	-6.53063	
-2.75874	-1.0415	2.05325	-4.22979	
-0.710156	1.43694	-0.053519	-6.76645	
-2.59154	-1.1921	1.58942	-4.096	
-0.289292	1.34307	-0.71209	-6.60268	
-2.59164	-1.56778	1.41276	-3.5646	
-0.0293345	1.0277	-1.08569	-6.04715	
-2.76722	-2.15931	1.5386	-2.65103	
0.0688674	0.506266	-1.16884	-5.12486	
-3.11506	-2.94611	1.96578	-1.38875	
0.00340017	-0.197576	-0.960147	-3.8755	
-3.62495	-3.89665	2.681	0.171727	
-0.217869	-1.05261	-0.473085	-2.35204	
-4.28692	-4.97786	3.66621	1.97302	
-0.58081	-2.0229	0.267711	-0.617066	
-5.08158	-6.14747	4.88922	3.94412	
-1.06037	-3.06187	1.22221	1.25234	
-5.98119	-7.36067	6.30528	6.00824	
-1.63239	-4.12694	2.34744	3.18047	
-6.95668	-8.57332	7.86485	8.08733	
-2.2676	-5.17398	3.59215	5.08881	
-7.97589	-9.74023	9.51256	10.1017	
-2.93427	-6.15889	4.90042	6.8989	
-9.00471	-10.8177	11.1894	11.9737	
-3.59937	-7.03995	6.21375	8.53615	
-10.0085	-11.7653	12.8349	13.6314	
-4.23	-7.77962	7.4735	9.93286	
-10.9536	-12.5477	14.3899	15.0112	
-4.79475	-8.34611	8.6233	11.0311	
-11.8084	-13.1362	15.7987	16.0603	
-5.26498	-8.71464	9.6113	11.7848	
-12.5447	-13.5094	17.0111	16.7393	
-5.61599	-8.86846	10.3923	12.162	
-13.1392	-13.6545	17.9848	17.0232	
-5.82802	-8.79952	10.9294	12.1458	
-13.5735	-13.5677	18.6867	16.9024	
-5.88708	-8.50879	11.196	11.7349	
-13.8359	-13.2542	19.0942	16.3838	
-5.78551	-8.00623	11.176	10.9443	
-13.9209	-12.7282	19.1963	15.4895	
-5.52231	-7.31041	10.8655	9.80386	
-13.83	-12.012	18.994	14.2567	
-5.10319	-6.44775	10.2722	8.35788	
-13.5715	-11.1355	18.5	12.7359	
-4.54037	-5.45148	9.41527	6.66285	
-13.1598	-10.1347	17.7384	10.9889	
-3.8521	-4.36033	8.3249	4.78535	
-12.6154	-9.0506	16.7436	9.0862	
-3.06193	-3.21696	7.04076	2.79941	
-11.9636	-7.92712	15.5591	7.10454	
-2.19781	-2.06629	5.61063	0.78354	
-11.2337	-6.80968	14.2354	5.12353	
-1.29096	-0.953682	4.0884	-1.18239	
-10.4577	-5.74333	12.8285	3.22264	
-0.3747	0.0767416	2.53204	-3.02024	
-9.66917	-4.77115	11.3971	1.47821	
0.516605	0.983633	1.00155	-4.65649	
-8.90219	-3.93233	10.001	-0.0397661	
1.34932	1.73058	-0.443854	-6.02566	
-8.18933	-3.26021	8.69794	-1.27091	
2.0922	2.28789	-1.74839	-7.07326	
-7.56049	-2.78117	7.54155	-2.16656	
2.71716	2.63324	-2.86148	-7.75744	
-7.04184	-2.51384	6.57908	-2.69151	
3.20044	2.7525	-3.73983	-8.05057	
-6.65485	-2.4683	5.84977	-2.82541	
3.52354	2.64036	-4.34907	-7.94045	
-6.41536	-2.64567	5.38323	-2.56365	
3.67399	2.30055	-4.66524	-7.43075	
-6.33298	-3.03804	5.1982	-1.91751	
3.64583	1.74578	-4.67567	-6.54096	
-6.41073	-3.62881	5.30187	-0.913755	
3.43984	0.997166	-4.37955	-5.3056	
-6.64486	-4.3933	5.68958	0.406462	
3.06358	0.0834308	-3.78789	-3.7728	
-7.02513	-5.29981	6.34502	1.98927	
2.53102	-0.960238	-2.92321	-2.00245	
-7.53516	-6.31084	7.24096	3.7702	
1.86212	-2.09354	-1.8186	-0.0638387	
-8.15305	-7.38453	8.34017	5.67666	
1.08211	-3.2725	-0.516566	1.96695	
-8.85208	-8.4763	9.59689	7.63089	
0.220467	-4.45142	0.932703	4.01024	
-9.60211	-9.54097	10.9588	9.5533	
-0.690667	-5.58501	2.47372	5.98628	
-10.3708	-10.5345	12.3693	11.3657	
-1.61746	-6.62994	4.04765	7.81817	
-11.1248	-11.4157	13.7695	12.9942	
-2.52571	-7.54645	5.59458	9.43476	
-11.8313	-12.1476	15.101	14.372	
-3.38214	-8.2999	7.0559	10.7735	
-12.4589	-12.6992	16.3076	15.4426	
-4.15578	-8.86221	8.37663	11.7831	
-12.9793	-13.0466	17.3379	16.1612	
-4.81915	-9.21293	9.50757	12.4251	
-13.3682	-13.1741	18.1476	16.4974	
-5.34934	-9.3401	10.4073	12.6761	
-13.6064	-13.0747	18.7007	16.4359	
-5.72892	-9.24068	11.0438	12.5281	
-13.6806	-12.7504	18.9715	15.9771	
-5.94659	-8.92067	11.3955	11.9891	
-13.5839	-12.212	18.9454	15.1374	
-5.99765	-8.39488	11.4527	11.0826	
-13.316	-11.4791	18.6194	13.9483	
-5.88414	-7.68631	11.2172	9.84681	
-12.8835	-10.579	18.0025	12.4553	
-5.61473	-6.82522	10.7027	8.33304	
-12.2993	-9.5455	17.1151	10.716	
-5.20438	-5.84794	9.93397	6.60365	
-11.5824	-8.41797	15.9885	8.79772	
-4.67372	-4.7954	8.9461	4.72956	
-10.7571	-7.23942	14.6633	6.77512	
-4.04816	-3.71146	7.78284	2.78741	
-9.85183	-6.05497	13.1881	4.72697	
-3.35693	-2.64122	6.49498	0.856503	
-8.89835	-4.91002	11.6175	2.73309	
-2.63184	-1.62915	5.13821	-0.984367	
-7.9303	-3.84848	10.0098	0.871233	
-1.90604	-0.717415	3.77098	-2.66001	
-6.98197	-2.91111	8.42496	-0.785928	
-1.2128	0.0557265	2.45224	-4.10172	
-6.08709	-2.13403	6.92212	-2.1736	
-0.584307	0.65732	1.23921	-5.2499	
-5.2775	-1.5469	5.5575	-3.23777	
-0.0497654	1.06172	0.184502	-6.05713	
-4.5815	-1.1716	4.38162	-3.93759	
0.365644	1.2515	-0.66587	-6.48993	
-4.02287	-1.02162	3.43751	-4.24662	
0.641589	1.21776	-1.27414	-6.52976	
-3.62012	-1.10169	2.75913	-4.15384	
0.763378	0.960504	-1.61228	-6.1737	
-3.38574	-1.40758	2.37005	-3.664	
0.7226	0.488602	-1.66316	-5.43458	
-3.32576	-1.92629	2.28256	-2.79744	
0.517611	-0.18037	-1.4214	-4.34066	
-3.43917	-2.63629	2.49683	-1.58961	
0.153298	-1.02049	-0.893257	-2.93482	
-3.71762	-3.50763	3.0006	-0.0902834	
-0.359222	-1.99904	-0.0962971	-1.27235	
-4.14734	-4.50424	3.7712	1.63938	
-1.00186	-3.07686	0.940146	0.580316	
-4.7077	-5.58486	4.77448	3.5289	
-1.75082	-4.21079	2.17665	2.5491	
-5.3735	-6.70612	5.96772	5.50263	
-2.57912	-5.35694	3.56692	4.55682	
-6.11601	-7.82332	7.30122	7.48191	
-3.45611	-6.47041	5.05797	6.52425	
-6.90354	-8.89172	8.71985	9.38761	
-4.34888	-7.50729	6.59252	8.37341	
-7.70277	-9.86856	10.1652	11.1436	
-5.22361	-8.42653	8.11126	10.0309	
-8.48012	-10.7148	11.5781	12.6797	
-6.04699	-9.19163	9.55532	11.4307	
-9.2031	-11.3966	12.9008	13.9348	
-6.78749	-9.77214	10.8685	12.5172	
-9.84162	-11.887	14.0793	14.8589	
-7.41667	-10.1449	11.9997	13.247	
-10.3692	-12.1665	15.0659	15.4153	
-7.9103	-10.2947	12.9048	13.5909	
-10.764	-12.2244	15.8205	15.5822	
-8.24931	-10.2156	13.5483	13.5348	
-11.0098	-12.0586	16.3126	15.3533	
-8.42057	-9.91014	13.9053	13.0807	
-11.0963	-11.6763	16.5223	14.7383	
-8.41741	-9.39017	13.9616	12.2463	
-11.0201	-11.0933	16.4413	13.7623	
-8.2399	-8.67585	13.7151	11.0644	
-10.7843	-10.3335	16.0731	12.4648	
-7.89481	-7.79503	13.1756	9.58129	
-10.3986	-9.4279	15.4327	10.8983	
-7.3954	-6.7821	12.364	7.85559	
-9.879	-8.41338	14.5465	9.12618	
-6.76086	-5.67666	11.3122	5.95526	
-9.24692	-7.33127	13.4506	7.21983	
-6.01556	-4.52191	10.0613	3.95521	
-8.52851	-6.22565	12.1898	5.25624	
-5.18808	-3.36294	8.66013	1.93425	
-7.75356	-5.1416	10.8156	3.3147	
-4.31009	-2.24498	7.16337	-0.0280515	
-6.95425	-4.12337	9.38411	1.47366	
-3.4151	-1.21153	5.6293	-1.85451	
-6.16395	-3.21271	7.9541	-0.192358	
-2.53714	-0.302765	4.11755	-3.47335	
-5.41584	-2.44717	6.58434	-1.61568	
-1.7095	0.446071	2.68677	-4.82104	
-4.74167	-1.85868	5.33146	-2.73818	
-0.963394	1.00603	1.39233	-5.84475	
-4.17045	-1.47208	4.24766	-3.51373	
-0.326564	1.35585	0.283941	-6.50476	
-3.72718	-1.30412	3.37844	-3.91011	
0.177828	1.48274	-0.596352	-6.77594	
-3.43188	-1.3629	2.76092	-3.91013	
0.532003	1.38273	-1.21568	-6.64858	
-3.29887	-1.64764	2.42234	-3.51224	
0.724297	1.06078	-1.55172	-6.12874	
-3.33615	-2.14872	2.379	-2.73059	
0.749784	0.53089	-1.59373	-5.23836	
-3.54447	-2.84744	2.63493	-1.59511	
0.609816	-0.184275	-1.3423	-4.01447	
-3.91734	-3.71646	3.18186	-0.150571	
0.312184	-1.055	-0.809576	-2.5071	
-4.44332	-4.72269	4.00148	1.547	
-0.128922	-2.04554	-0.0190349	-0.777385	
-5.10455	-5.82661	5.06431	3.43047	
-0.691892	-3.11348	0.993878	1.10277	
-5.87614	-6.98456	6.32955	5.42511	
-1.35111	-4.21467	2.18571	3.05683	
-6.72993	-8.15204	7.74944	7.45306	
-2.07783	-5.30478	3.50656	5.00646	
-7.63478	-9.28414	9.27039	9.43508	
-2.84038	-6.33948	4.90118	6.87306	
-8.55743	-10.337	10.8347	11.2935	
-3.60561	-7.27651	6.31134	8.58122	
-9.46384	-11.2699	12.3827	12.9553	
-4.34025	-8.07749	7.67814	10.0618	
-10.3206	-12.0468	13.8557	14.3556	
-5.01229	-8.70948	8.94449	11.2548	
-11.0961	-12.6376	15.1975	15.4394	
-5.59225	-9.14632	10.0573	12.1117	
-11.7621	-13.02	16.3575	16.1647	
-6.05438	-9.36967	10.9698	12.5975	
-12.2945	-13.1796	17.292	16.5035	
-6.37771	-9.36979	11.643	12.6919	
-12.6746	-13.1109	17.9663	16.4432	
-6.54687	-9.14586	12.0479	12.3904	
-12.8896	-12.8176	18.356	15.9872	
-6.55276	-8.70608	12.1659	11.7043	
-12.9331	-12.3121	18.4479	15.1543	
-6.39286	-8.06729	11.9904	10.6604	
-12.8056	-11.6153	18.2408	13.9785	
-6.07137	-7.25435	11.5261	9.29952	
-12.5143	-10.7555	17.745	12.5074	
-5.59905	-6.29912	10.7898	7.67554	
-12.0727	-9.76772	16.9823	10.8001	
-4.99279	-5.2392	9.80884	5.85268	
-11.5001	-8.69174	15.9851	8.92534	
-4.27496	-4.11641	8.62076	3.90322	
-10.8212	-7.5709	14.795	6.9582	
-3.47248	-2.97517	7.27131	1.90452	
-10.0644	-6.45023	13.4609	4.97746	
-2.61579	-1.86069	5.81288	-0.0640223	
-9.26129	-5.37468	12.0376	3.06239	
-1.73764	-0.817203	4.30231	-1.92411	
-8.44517	-4.38742	10.5831	1.28961	
-0.871855	0.113713	2.79873	-3.60163	
-7.64973	-3.5282	9.15683	-0.269828	
-0.0521504	0.894629	1.36142	-5.02938	
-6.9079	-2.8316	7.81681	-1.55343	
0.689551	1.49421	0.0470084	-6.15027	
-6.25014	-2.32534	6.61754	-2.51009	
1.32457	1.88866	-1.09288	-6.91973	
-5.70329	-2.02939	5.60751	-3.10189	
1.82832	2.06225	-2.01344	-7.3071	
-5.2896	-1.95534	4.82756	-3.30549	
2.18127	2.00794	-2.67844	-7.29683	
-5.02589	-2.1059	4.30918	-3.11301	
2.36975	1.72764	-3.06166	-6.88911	
-4.92284	-2.47483	4.0733	-2.53241	
2.38645	1.23221	-3.14794	-6.0999	
-4.98452	-3.04705	4.12938	-1.58722	
2.23076	0.541074	-2.9338	-4.96035	
-5.20829	-3.79926	4.47509	-0.315614	
1.9087	-0.318637	-2.42752	-3.5155	
-5.58496	-4.70099	5.09649	1.23119	
1.43279	-1.31313	-1.64887	-1.82249	
-6.09923	-5.71573	5.96858	2.99095	
0.821659	-2.40318	-0.628437	0.0516041	
-6.72997	-6.80209	7.05607	4.89258	
0.0996271	-3.5453	0.593212	2.03202	
-7.45094	-7.91584	8.31461	6.85932	
-0.704968	-4.6944	1.96792	4.04024	
-8.23248	-9.01206	9.6932	8.81224	
-1.56095	-5.80562	3.44188	5.99715	
-9.04258	-10.0466	11.1361	10.673	
-2.43515	-6.83553	4.95739	7.82561	
