1	1	2	2	
1.1	1.0951	2.1	1.9951	
1.18693	1.1804	2.05487	1.98105	
1.27387	1.2559	2.14192	1.95643	
1.34773	1.3216	2.08666	1.92371	
1.4216	1.3775	2.16266	1.88032	
1.4824	1.4236	2.09939	1.83028	
1.5432	1.4599	2.16664	1.76979	
1.59093	1.4864	2.09783	1.70449	
1.63867	1.5031	2.15895	1.62926	
1.67333	1.51	2.08731	1.55137	
1.708	1.5071	2.14514	1.46431	
1.7296	1.4944	2.07356	1.37703	
1.7512	1.4719	2.13101	1.28153	
1.75973	1.4396	2.06238	1.18843	
1.76827	1.3975	2.12236	1.0882	
1.76373	1.3456	2.05951	0.993099	
1.7592	1.2839	2.12479	0.892013	
1.7416	1.2124	2.07034	0.798836	
1.724	1.1311	2.14345	0.700789	
1.69333	1.04	2.0997	0.61339	
1.66267	0.9391	2.18283	0.522143	
1.61893	0.8284	2.15172	0.444161	
1.5752	0.7079	2.24661	0.363188	
1.5184	0.5776	2.22959	0.2979	
1.4616	0.4375	2.3375	0.230251	
1.39173	0.2876	2.33547	0.180443	
1.32187	0.1279	2.45711	0.128621	
1.23893	-0.0416	2.47042	0.0964762	
1.156	-0.2209	2.60591	0.0623373	
1.06	-0.41	2.63433	0.0493496	
0.964	-0.6089	2.78324	0.0340315	
0.854933	-0.8176	2.82594	0.0409446	
0.745867	-1.0361	2.98725	0.0448196	
0.623733	-1.2644	3.04288	0.0715981	
0.5016	-1.5025	3.21506	0.0942592	
0.3664	-1.7504	3.28177	0.14009	
0.2312	-2.0081	3.46284	0.180367	
0.0829333	-2.2756	3.53835	0.243691	
-0.0653333	-2.5529	3.72597	0.2997	
-0.226667	-2.84	3.80767	0.378274	
-0.388	-3.1369	3.9992	0.447488	
-0.5624	-3.4436	4.08426	0.538474	
-0.7368	-3.7601	4.27689	0.61783	
-0.924267	-4.0864	4.36237	0.717908	
-1.11173	-4.4225	4.55324	0.803927	
-1.31227	-4.7684	4.63616	0.909426	
-1.5128	-5.1241	4.82246	0.99835	
-1.7264	-5.4896	4.90001	1.1054	
-1.94	-5.8649	5.0791	1.19334	
-2.16667	-6.25	5.14865	1.29801	
-2.39333	-6.6449	5.31818	1.38113	
-2.63307	-7.0496	5.37744	1.4796	
-2.8728	-7.4641	5.53543	1.55421	
-3.1256	-7.8884	5.58253	1.64292	
-3.3784	-8.3225	5.72745	1.7057	
-3.64427	-8.7664	5.76101	1.78148	
-3.91013	-9.2201	5.89185	1.82954	
-4.18907	-9.6836	5.91104	1.88975	
-4.468	-10.1569	6.02734	1.9208	
-4.76	-10.64	6.03189	1.96343	
-5.052	-11.1329	6.13379	1.97584	
-5.35707	-11.6356	6.12402	1.99958	
-5.66213	-12.1481	6.21222	1.99248	
-5.98027	-12.6704	6.18902	1.99678	
-6.2984	-13.2025	6.26476	1.97005	
-6.6296	-13.7444	6.22956	1.95514	
-6.9608	-14.2961	6.29461	1.90944	
-7.30507	-14.8576	6.24928	1.87633	
-7.64933	-15.4289	6.30583	1.81308	
-8.00667	-16.01	6.25266	1.7635	
-8.364	-16.6009	6.30324	1.68482	
-8.7344	-17.2016	6.24483	1.62115	
-9.1048	-17.8121	6.29223	1.52976	
-9.48827	-18.4324	6.23136	1.45496	
-9.87173	-19.0625	6.27849	1.3541	
-10.2683	-19.7024	6.21804	1.27156	
-10.6648	-20.3521	6.26784	1.16484	
-11.0744	-21.0116	6.21065	1.07827	
-11.484	-21.6809	6.26598	0.969528	
-11.9067	-22.36	6.21475	0.882782	
-12.3293	-23.0489	6.27826	0.77595	
-12.7651	-23.7476	6.23543	0.692899	
-13.2008	-24.4561	6.30944	0.591827	
-13.6496	-25.1744	6.27711	0.516186	
-14.0984	-25.9025	6.36357	0.424498	
-14.5603	-26.6404	6.34338	0.359686	
-15.0221	-27.3881	6.44373	0.280634	
-15.4971	-28.1456	6.43685	0.229633	
-15.972	-28.9129	6.55202	0.165969	
-16.46	-29.69	6.55904	0.131206	
-16.948	-30.4769	6.68938	0.0850746	
-17.4491	-31.2736	6.71033	0.0683214	
-17.9501	-32.0801	6.85561	0.0411727	
-18.4643	-32.8964	6.88993	0.0434794	
-18.9784	-33.7225	7.04934	0.036012	
-19.5056	-34.5584	7.09594	0.0576619	
-20.0328	-35.4041	7.26812	0.0697964	
-20.5731	-36.2596	7.32539	0.110295	
-21.1133	-37.1249	7.50851	0.141178	
-21.6667	-38	7.57437	0.199271	
-22.22	-38.8849	7.76618	0.247309	
-22.7864	-39.7796	7.83822	0.321035	
-23.3528	-40.6841	8.03614	0.383958	
-23.9323	-41.5984	8.11166	0.470723	
-24.5117	-42.5225	8.3129	0.545677	
-25.1043	-43.4564	8.38903	0.642361	
-25.6968	-44.4001	8.59069	0.726021	
-26.3024	-45.3536	8.66455	0.829097	
-26.908	-46.3169	8.86372	0.917801	
-27.5267	-47.29	8.93246	1.02348	
-28.1453	-48.2729	9.12637	1.11337	
-28.7771	-49.2656	9.18734	1.21776	
-29.4088	-50.2681	9.37345	1.30495	
-30.0536	-51.2804	9.4243	1.40418	
-30.6984	-52.3025	9.60038	1.48489	
-31.3563	-53.3344	9.63912	1.57531	
-32.0141	-54.3761	9.80339	1.64604	
-32.6851	-55.4276	9.82851	1.72432	
-33.356	-56.4889	9.97966	1.78197	
-34.04	-57.56	9.99016	1.84526	
-34.724	-58.6409	10.1274	1.88727	
-35.4211	-59.7316	10.1229	1.93333	
-36.1181	-60.8321	10.2461	1.95776	
-36.8283	-61.9424	10.2267	1.985	
-37.5384	-63.0625	10.3362	1.99063	
-38.2616	-64.1924	10.3026	1.99822	
-38.9848	-65.3321	10.3995	1.98459	
-39.7211	-66.4816	10.353	1.97245	
-40.4573	-67.6409	10.4386	1.93988	
-41.2067	-68.81	10.381	1.90873	
-41.956	-69.9889	10.4573	1.85829	
-42.7184	-71.1776	10.3908	1.8096	
-43.4808	-72.3761	10.4601	1.74309	
-44.2563	-73.5844	10.3872	1.67901	
-45.0317	-74.8025	10.4522	1.59888	
-45.8203	-76.0304	10.3757	1.52216	
-46.6088	-77.2681	10.4391	1.43142	
-47.4104	-78.5156	10.362	1.34531	
-48.212	-79.7729	10.4267	1.24739	
-49.0267	-81.04	10.3518	1.15551	
-49.8413	-82.3169	10.4207	1.05413	
-50.6691	-83.6036	10.3509	0.960326	
-51.4968	-84.9001	10.4266	0.859351	
-52.3376	-86.2064	10.3646	0.767528	
-53.1784	-87.5225	10.4494	0.670824	
-54.0323	-88.8484	10.3975	0.584804	
-54.8861	-90.1841	10.4936	0.496066	
-55.7531	-91.5296	10.4535	0.419433	
-56.62	-92.8849	10.5625	0.342046	
-57.5	-94.25	10.5358	0.278003	
-58.38	-95.6249	10.6588	0.214904	
-59.2731	-97.0096	10.6463	0.166147	
-60.1661	-98.4041	10.7838	0.119707	
-61.0723	-99.8084	10.7859	0.0883175	
-61.9784	-101.222	10.9377	0.0602491	
-62.8976	-102.646	10.9541	0.0476109	
-63.8168	-104.08	11.1199	0.0388979	
-64.7491	-105.524	11.1497	0.045643	
-65.6813	-106.977	11.3281	0.0565012	
-66.6267	-108.44	11.37	0.0824857	
-67.572	-109.913	11.5594	0.112353	
-68.5304	-111.396	11.6116	0.156664	
-69.4888	-112.888	11.8098	0.204224	
-70.4603	-114.39	11.87	0.265213	
-71.4317	-115.902	12.0747	0.328447	
-72.4163	-117.424	12.1403	0.403802	
-73.4008	-118.956	12.3486	0.480066	
-74.3984	-120.498	12.4169	0.5669	
-75.396	-122.049	12.6259	0.653034	
-76.4067	-123.61	12.694	0.748002	
-77.4173	-125.181	12.9009	0.840451	
-78.4411	-126.762	12.9659	0.939885	
-79.4648	-128.352	13.1678	1.03485	
-80.5016	-129.952	13.227	1.1349	
-81.5384	-131.562	13.4212	1.22846	
-82.5883	-133.182	13.4721	1.32527	
-83.6381	-134.812	13.6563	1.41359	
-84.7011	-136.452	13.6968	1.5034	
-85.764	-138.101	13.869	1.58284	
-86.84	-139.76	13.8974	1.66221	
-87.916	-141.429	14.0561	1.72947	
-89.0051	-143.108	14.0712	1.79535	
-90.0941	-144.796	14.2154	1.84764	
-91.1963	-146.494	14.2164	1.89754	
-92.2984	-148.202	14.3457	1.93263	
-93.4136	-149.92	14.3326	1.96469	
-94.5288	-151.648	14.4471	1.98106	
-95.6571	-153.386	14.4204	1.99414	
-96.7853	-155.133	14.5209	1.99101	
-97.9267	-156.89	14.4816	1.98472	
-99.068	-158.657	14.5694	1.96207	
-100.222	-160.434	14.519	1.93682	
-101.377	-162.22	14.5959	1.89541	
-102.544	-164.016	14.5364	1.85235	
-103.712	-165.822	14.6046	1.79369	
-104.892	-167.638	14.5384	1.73469	
-106.073	-169.464	14.6004	1.66097	
-107.266	-171.3	14.5302	1.58853	
-108.46	-173.145	14.5887	1.50252	
-109.667	-175	14.5173	1.41971	
-110.873	-176.865	14.5753	1.32469	
-112.093	-178.74	14.5056	1.23496	
-113.313	-180.624	14.5659	1.13454	
-114.546	-182.518	14.5008	1.04165	
-115.778	-184.422	14.5662	0.93967	
-117.024	-186.336	14.5083	0.847506	
-118.27	-188.26	14.5814	0.747837	
-119.529	-190.194	14.5332	0.660255	
-120.788	-192.137	14.6162	0.566687	
-122.06	-194.09	14.5796	0.48737	
-123.332	-196.053	14.6744	0.403438	
-124.617	-198.026	14.6511	0.335744	
-125.902	-200.008	14.759	0.264592	
-127.2	-202	14.75	0.211422	
-128.498	-204.002	14.8718	0.155678	
-129.81	-206.014	14.8776	0.119361	
-131.121	-208.036	15.0137	0.0810317	
-132.445	-210.068	15.0342	0.0632282	
-133.769	-212.109	15.1841	0.0436203	
-135.107	-214.16	15.2187	0.0452613	
-136.444	-216.221	15.3815	0.0449277	
-137.794	-218.292	15.429	0.0661741	
-139.145	-220.372	15.6034	0.0848934	
-140.508	-222.462	15.6621	0.125131	
-141.872	-224.562	15.8462	0.161916	
-143.248	-226.672	15.9139	0.219779	
-144.625	-228.792	16.1054	0.272917	
-146.014	-230.922	16.1797	0.346344	
-147.404	-233.061	16.3759	0.413464	
-148.807	-235.21	16.454	0.499778	
-150.209	-237.369	16.6522	0.577946	
-151.625	-239.538	16.7313	0.673964	
-153.041	-241.716	16.9286	0.759801	
-154.47	-243.904	17.0057	0.861957	
-155.898	-246.102	17.1993	0.951773	
-157.34	-248.31	17.2716	1.05626	
-158.782	-250.528	17.4587	1.14621	
-160.237	-252.756	17.5236	1.24914	
-161.692	-254.993	17.7019	1.33535	
-163.16	-257.24	17.757	1.43289	
-164.628	-259.497	17.9243	1.51165	
-166.109	-261.764	17.9677	1.60021	
-167.59	-264.04	18.1223	1.66809	
-169.084	-266.326	18.1525	1.74442	
-170.578	-268.623	18.2934	1.79843	
-172.086	-270.928	18.3095	1.85978	
-173.593	-273.244	18.4359	1.89747	
-175.113	-275.57	18.4375	1.94169	
-176.633	-277.905	18.5495	1.96127	
-178.167	-280.25	18.5368	1.9869	
-179.7	-282.605	18.6349	1.98729	
-181.246	-284.97	18.6087	1.99361	
-182.793	-287.344	18.6939	1.9745	
-184.352	-289.728	18.6555	1.96155	
-185.912	-292.123	18.7295	1.9234	
-187.484	-294.526	18.6807	1.89202	
-189.057	-296.94	18.7455	1.83605	
-190.642	-299.364	18.6885	1.78779	
-192.228	-301.797	18.7465	1.71592	
-193.827	-304.24	18.6838	1.65302	
-195.425	-306.693	18.7378	1.56781	
-197.037	-309.156	18.6722	1.49309	
-198.649	-311.628	18.725	1.39763	
-200.274	-314.11	18.6594	1.31438	
-201.898	-316.603	18.7138	1.21216	
-203.536	-319.104	18.651	1.12401	
-205.174	-321.616	18.71	1.0188	
-206.825	-324.138	18.6528	0.929579	
-208.476	-326.669	18.719	0.825268	
-210.14	-329.21	18.6698	0.738836	
-211.804	-331.761	18.7457	0.639269	
-213.481	-334.322	18.7067	0.559384	
-215.158	-336.892	18.7942	0.468221	
-216.848	-339.472	18.7673	0.398376	
-218.538	-342.063	18.868	0.318942	
-220.242	-344.662	18.8544	0.262227	
-221.945	-347.272	18.9693	0.197381	
-223.661	-349.892	18.9698	0.156361	
-225.377	-352.521	19.0993	0.108381	
-227.107	-355.16	19.1141	0.0849943	
-228.836	-357.809	19.2582	0.0554869	
-230.578	-360.468	19.2868	0.0509658	
-232.321	-363.136	19.4449	0.0408043	
-234.076	-365.814	19.4863	0.0556261	
-235.832	-368.503	19.6572	0.0649146	
-237.6	-371.2	19.71	0.0987829	
-239.369	-373.908	19.8918	0.126853	
-241.15	-376.626	19.9541	0.178709	
-242.932	-379.353	20.1448	0.224146	
-244.727	-382.09	20.2141	0.292212	
-246.521	-384.837	20.4112	0.352912	
-248.329	-387.594	20.485	0.434761	
-250.137	-390.36	20.6857	0.508015	
-251.958	-393.136	20.7613	0.600666	
-253.778	-395.923	20.9627	0.683271	
-255.612	-398.718	21.037	0.78331	
-257.446	-401.524	21.2364	0.87169	
-259.293	-404.34	21.3066	0.975406	
-261.14	-407.165	21.5011	1.06576	
-263	-410	21.5646	1.16929	
-264.86	-412.845	21.7515	1.25775	
-266.733	-415.7	21.8058	1.35724	
-268.606	-418.564	21.983	1.44001	
-270.492	-421.438	22.026	1.53175	
-272.378	-424.323	22.1915	1.60526	
-274.278	-427.216	22.2216	1.68587	
-276.177	-430.12	22.3741	1.74694	
-278.089	-433.034	22.3901	1.81345	
-280.001	-435.957	22.5286	1.85939	
-281.927	-438.89	22.53	1.90941	
-283.852	-441.833	22.6543	1.93814	
-285.79	-444.786	22.6411	1.96993	
-287.729	-447.748	22.7514	1.98005	
-289.68	-450.72	22.7241	1.99259	
-291.632	-453.703	22.8213	1.98347	
-293.596	-456.694	22.7811	1.9765	
-295.561	-459.696	22.8664	1.94826	
-297.538	-462.708	22.8149	1.9223	
-299.516	-465.729	22.8903	1.87583	
-301.507	-468.76	22.8296	1.83215	
-303.497	-471.801	22.8972	1.76908	
-305.501	-474.852	22.8297	1.70965	
-307.505	-477.912	22.8922	1.63227	
-309.522	-480.982	22.8206	1.55969	
-311.538	-484.063	22.8807	1.47086	
-313.568	-487.152	22.8078	1.38824	
-315.598	-490.252	22.8684	1.29129	
-317.641	-493.362	22.7972	1.20215	
-319.684	-496.481	22.8612	1.10072	
-321.74	-499.61	22.7945	1.00883	
-323.796	-502.749	22.8644	0.906761	
-325.865	-505.898	22.8049	0.815987	
-327.934	-509.056	22.8834	0.717136	
-330.016	-512.224	22.8333	0.631309	
-332.098	-515.403	22.9225	0.539411	
-334.194	-518.59	22.8839	0.462155	
-336.289	-521.788	22.9855	0.380669	
-338.397	-524.996	22.96	0.315267	
-340.505	-528.213	23.0752	0.247239	
-342.627	-531.44	23.0636	0.196494	
-344.748	-534.677	23.1932	0.144438	
-346.882	-537.924	23.196	0.110569	
-349.017	-541.18	23.34	0.0763612	
-351.164	-544.446	23.3571	0.0609102	
-353.312	-547.723	23.5151	0.0457192	
-355.472	-551.008	23.5458	0.0494924	
-357.633	-554.304	23.7168	0.0537296	
-359.806	-557.61	23.7599	0.0767647	
-361.98	-560.925	23.9423	0.100069	
-364.167	-564.25	23.9959	0.141634	
-366.353	-567.585	24.1878	0.182885	
-368.553	-570.93	24.2498	0.241508	
-370.753	-574.284	24.4488	0.298872	
-372.966	-577.648	24.5168	0.372401	
-375.178	-581.023	24.7202	0.443402	
-377.404	-584.406	24.7914	0.52909	
-379.63	-587.8	24.9964	0.610709	
-381.869	-591.204	25.0679	0.705323	
-384.108	-594.617	25.2717	0.794122	
-386.36	-598.04	25.3406	0.894073	
-388.612	-601.473	25.5403	0.986325	
-390.877	-604.916	25.604	1.08781	
-393.142	-608.368	25.7968	1.17966	
-395.42	-611.83	25.8526	1.27882	
-397.698	-615.303	26.0362	1.36641	
-399.99	-618.784	26.082	1.45947	
-402.281	-622.276	26.2543	1.53913	
-404.585	-625.778	26.2882	1.62258	
-406.889	-629.289	26.4476	1.69095	
-409.207	-632.81	26.4683	1.76164	
-411.524	-636.341	26.6137	1.8158	
-413.854	-639.882	26.6204	1.87111	
-416.185	-643.432	26.7512	1.90872	
-418.528	-646.992	26.7436	1.94663	
-420.872	-650.563	26.8599	1.96601	
-423.228	-654.142	26.8384	1.98519	
-425.585	-657.732	26.9408	1.98538	
-427.954	-661.332	26.9061	1.98527	
-430.324	-664.941	26.9958	1.96607	
-432.707	-668.56	26.9495	1.94686	
-435.089	-672.189	27.028	1.90885	
-437.485	-675.828	26.972	1.87151	
-439.881	-679.476	27.0415	1.81601	
-442.29	-683.134	26.9779	1.76222	
-444.698	-686.803	27.0409	1.69125	
-447.12	-690.48	26.9725	1.62336	
-449.542	-694.168	27.0315	1.53954	
-451.977	-697.866	26.961	1.46046	
-454.412	-701.573	27.019	1.36695	
-456.86	-705.29	26.9492	1.28003	
-459.308	-709.017	27.0091	1.18035	
-461.769	-712.754	26.943	1.08926	
-464.23	-716.5	27.0075	0.987179	
-466.704	-720.256	26.9477	0.895764	
-469.178	-724.023	27.0195	0.79514	
-471.666	-727.798	26.9685	0.707251	
-474.153	-731.584	27.0499	0.611888	
-476.653	-735.38	27.0097	0.53124	
-479.153	-739.185	27.1026	0.444726	
-481.667	-743	27.0751	0.374748	
-484.18	-746.825	27.181	0.300315	
-486.706	-750.66	27.1673	0.244012	
-489.233	-754.504	27.287	0.184407	
-491.772	-758.358	27.2878	0.144242	
-494.312	-762.223	27.4218	0.101618	
-496.864	-766.096	27.4371	0.079413	
-499.417	-769.98	27.5852	0.0552424	
-501.982	-773.874	27.6146	0.0521065	
-504.548	-777.777	27.776	0.0471239	
-507.127	-781.69	27.8184	0.0634072	
-509.705	-785.613	27.9918	0.0775792	
-512.297	-789.546	28.0456	0.112861	
-514.889	-793.488	28.2292	0.145388	
-517.494	-797.44	28.2924	0.198492	
-520.098	-801.403	28.4841	0.24784	
-522.716	-805.374	28.5544	0.316884	
-525.334	-809.356	28.7515	0.380845	
-527.965	-813.348	28.8262	0.463313	
-530.596	-817.349	29.0261	0.539096	
-533.24	-821.36	29.1023	0.631939	
-535.884	-825.381	29.3022	0.716279	
-538.541	-829.412	29.377	0.816039	
-541.198	-833.452	29.574	0.905326	
-543.868	-837.502	29.6446	1.00827	
-546.538	-841.563	29.8359	1.0987	
-549.222	-845.632	29.8997	1.20097	
-551.905	-849.712	30.0827	1.28869	
-554.601	-853.802	30.1373	1.38646	
-557.297	-857.901	30.31	1.46771	
-560.007	-862.01	30.3534	1.55734	
-562.716	-866.129	30.5138	1.62864	
-565.438	-870.258	30.5444	1.70681	
-568.161	-874.396	30.6914	1.76506	
-570.896	-878.544	30.7081	1.82891	
-573.632	-882.703	30.8409	1.87153	
-576.38	-886.87	30.8432	1.91877	
-579.129	-891.048	30.9616	1.94381	
-581.89	-895.236	30.9497	1.97283	
-584.652	-899.433	31.054	1.97902	
-587.427	-903.64	31.0284	1.98892	
-590.201	-907.857	31.1196	1.97577	
-592.989	-912.084	31.0816	1.96642	
-595.777	-916.32	31.1612	1.93418	
-598.578	-920.566	31.1124	1.90622	
-601.378	-924.823	31.1822	1.85593	
-604.192	-929.088	31.1247	1.81073	
-607.006	-933.364	31.1872	1.74413	
-609.833	-937.65	31.1235	1.68377	
-612.66	-941.945	31.1812	1.60324	
-615.5	-946.25	31.114	1.5304	
-618.34	-950.565	31.1697	1.43889	
-621.193	-954.89	31.1019	1.35674	
-624.046	-959.224	31.1585	1.25764	
-626.912	-963.568	31.0929	1.16971	
-629.778	-967.923	31.1532	1.0667	
-632.658	-972.286	31.0925	0.97677	
-635.537	-976.66	31.1593	0.87369	
-638.429	-981.044	31.1062	0.785617	
-641.321	-985.437	31.1818	0.686311	
-644.227	-989.84	31.1385	0.60387	
-647.132	-994.253	31.2252	0.512028	
-650.05	-998.676	31.1936	0.438772	
-652.969	-1003.11	31.2928	0.357788	
-655.9	-1007.55	31.2744	0.296904	
-658.832	-1012	31.3874	0.229739	
-661.776	-1016.46	31.3829	0.183917	
-664.721	-1020.94	31.5104	0.132981	
-667.678	-1025.42	31.5202	0.104312	
-670.636	-1029.91	31.6621	0.0713691	
-673.607	-1034.41	31.6859	0.0612581	
-676.577	-1038.92	31.8418	0.0473542	
-679.561	-1043.44	31.8788	0.0564659	
-682.545	-1047.97	32.0475	0.0618894	
-685.542	-1052.51	32.0964	0.0901211	
-688.538	-1057.06	32.2763	0.114391	
-691.548	-1061.62	32.3353	0.160876	
-694.558	-1066.19	32.5244	0.202761	
-697.581	-1070.77	32.5912	0.265905	
-700.604	-1075.36	32.7871	0.323473	
-703.64	-1079.96	32.8592	0.401016	
-706.676	-1084.57	33.0592	0.47171	
-709.725	-1089.19	33.1338	0.560816	
-712.774	-1093.82	33.3352	0.641559	
-715.836	-1098.45	33.4094	0.738932	
-718.898	-1103.1	33.6092	0.826249	
-721.974	-1107.76	33.6802	0.92826	
-725.049	-1112.43	33.8757	1.01841	
-728.137	-1117.11	33.9408	1.12125	
-731.225	-1121.79	34.1292	1.21039	
-734.327	-1126.49	34.1859	1.3102	
-737.428	-1131.2	34.365	1.39453	
-740.542	-1135.91	34.4111	1.48759	
-743.657	-1140.64	34.5789	1.56349	
-746.784	-1145.38	34.6126	1.64634	
-749.912	-1150.12	34.7676	1.71054	
-753.052	-1154.88	34.7877	1.78012	
-756.193	-1159.64	34.9289	1.82982	
-759.346	-1164.42	34.9347	1.88361	
-762.5	-1169.2	35.0616	1.91658	
-765.667	-1174	35.0529	1.95268	
-768.833	-1178.8	35.1657	1.96737	
-772.013	-1183.62	35.143	1.98458	
-775.193	-1188.44	35.2423	1.98016	
-778.386	-1193.28	35.2065	1.97804	
-781.578	-1198.12	35.2937	1.95446	
-784.784	-1202.98	35.2463	1.93333	
-787.99	-1207.84	35.323	1.89129	
-791.209	-1212.71	35.266	1.85223	
-794.428	-1217.6	35.3343	1.79317	
-797.66	-1222.49	35.2701	1.73799	
-800.892	-1227.39	35.3326	1.66403	
-804.137	-1232.31	35.2636	1.59515	
-807.382	-1237.23	35.323	1.50902	
-810.64	-1242.16	35.2522	1.42942	
-813.898	-1247.1	35.3112	1.33433	
-817.17	-1252.05	35.2414	1.24741	
-820.441	-1257.02	35.303	1.14691	
-823.725	-1261.99	35.2371	1.05638	
-827.009	-1266.97	35.304	0.954244	
-830.307	-1271.96	35.2446	0.86393	
-833.604	-1276.96	35.3194	0.764017	
-836.914	-1281.97	35.269	0.677745	
-840.225	-1286.99	35.3538	0.583811	
-843.548	-1292.02	35.3144	0.505244	
-846.872	-1297.06	35.4112	0.42081	
-850.208	-1302.11	35.3843	0.353301	
-853.545	-1307.17	35.4944	0.281509	
-856.894	-1312.24	35.4813	0.22797	
-860.244	-1317.32	35.6055	0.17146	
-863.607	-1322.41	35.6067	0.134243	
-866.969	-1327.51	35.7453	0.095048	
-870.345	-1332.62	35.7607	0.0758525	
-873.721	-1337.74	35.9134	0.055314	
-877.11	-1342.86	35.9425	0.0551211	
-880.498	-1348	36.1084	0.053838	
-883.9	-1353.15	36.1501	0.0728698	
-887.302	-1358.31	36.3278	0.0906743	
-890.717	-1363.48	36.3805	0.128385	
-894.132	-1368.65	36.5681	0.16435	
-897.56	-1373.84	36.6297	0.21945	
-900.988	-1379.04	36.825	0.271922	
-904.429	-1384.24	36.8931	0.342427	
-907.87	-1389.46	37.0936	0.409099	
-911.324	-1394.69	37.1654	0.492409	
-914.778	-1399.92	37.3683	0.570408	
-918.246	-1405.17	37.4411	0.663415	
-921.713	-1410.42	37.6434	0.749415	
-925.193	-1415.69	37.7144	0.848623	
-928.673	-1420.96	37.9133	0.938981	
-932.167	-1426.25	37.9796	1.04065	
-935.66	-1431.54	38.1725	1.13155	
-939.166	-1436.85	38.2316	1.23183	
-942.673	-1442.16	38.4159	1.31944	
-946.192	-1447.49	38.4654	1.41455	
-949.712	-1452.82	38.639	1.49516	
-953.244	-1458.17	38.677	1.58153	
-956.777	-1463.52	38.8383	1.65171	
-960.322	-1468.88	38.8634	1.72611	
-963.868	-1474.26	39.011	1.78286	
-967.427	-1479.64	39.0222	1.84253	
-970.985	-1485.03	39.1555	1.88337	
-974.557	-1490.44	39.1524	1.92615	
-978.129	-1495.85	39.2714	1.94924	
-981.714	-1501.27	39.2542	1.97364	
-985.298	-1506.7	39.3592	1.97785	
-988.896	-1512.14	39.3287	1.98312	
-992.494	-1517.6	39.4208	1.96806	
-996.105	-1523.06	39.3782	1.95421	
-999.716	-1528.53	39.4589	1.92028	
-1003.34	-1534.01	39.406	1.88807	
-1006.96	-1539.5	39.4773	1.8364	
-1010.6	-1545	39.4163	1.78734	
-1014.24	-1550.51	39.4806	1.71978	
-1017.89	-1556.03	39.4139	1.65605	
-1021.54	-1561.56	39.4738	1.57508	
-1025.2	-1567.1	39.4042	1.49942	
-1028.86	-1572.65	39.4624	1.40805	
-1032.54	-1578.21	39.3928	1.32372	
-1036.22	-1583.78	39.4523	1.22537	
-1039.91	-1589.36	39.3855	1.13595	
-1043.6	-1594.95	39.4491	1.03432	
-1047.3	-1600.55	39.3878	0.943585	
-1051	-1606.16	39.4581	0.842514	
-1054.72	-1611.77	39.4049	0.75431	
-1058.43	-1617.4	39.4842	0.6576	
-1062.16	-1623.04	39.4414	0.575667	
-1065.89	-1628.69	39.5318	0.486948	
-1069.63	-1634.35	39.501	0.414776	
-1073.37	-1640.01	39.604	0.33736	
-1077.13	-1645.69	39.5867	0.278049	
-1080.88	-1651.38	39.7034	0.214796	
-1084.65	-1657.07	39.7002	0.170936	
-1088.42	-1662.78	39.8312	0.124138	
-1092.2	-1668.5	39.8424	0.0977032	
-1095.98	-1674.22	39.9876	0.0689945	
-1099.77	-1679.96	40.0128	0.0612658	
-1103.57	-1685.7	40.1716	0.0515598	
-1107.37	-1691.46	40.2099	0.0630725	
-1111.18	-1697.22	40.381	0.072523	
-1115	-1703	40.4311	0.103047	
-1118.82	-1708.78	40.6129	0.131043	
-1122.65	-1714.58	40.6729	0.17959	
-1126.49	-1720.38	40.8633	0.22478	
-1130.33	-1726.2	40.9307	0.289647	
-1134.18	-1732.02	41.1273	0.349993	
-1138.04	-1737.86	41.1998	0.428827	
-1141.9	-1743.7	41.3998	0.501685	
-1145.77	-1749.55	41.4745	0.591576	
-1149.64	-1755.42	41.6752	0.673805	
-1153.53	-1761.29	41.7491	0.771405	
-1157.41	-1767.17	41.9477	0.859487	
-1161.31	-1773.07	42.0181	0.961142	
-1165.21	-1778.97	42.2117	1.05133	
-1169.12	-1784.88	42.2759	1.15322	
-1173.03	-1790.8	42.462	1.24167	
-1176.96	-1796.73	42.5175	1.33999	
-1180.88	-1802.68	42.6938	1.42294	
-1184.82	-1808.63	42.7386	1.514	
-1188.76	-1814.59	42.9032	1.5879	
-1192.71	-1820.56	42.9356	1.66831	
-1196.66	-1826.54	43.0871	1.72998	
-1200.62	-1832.53	43.1059	1.79678	
-1204.58	-1838.53	43.2434	1.84352	
-1208.56	-1844.54	43.248	1.89429	
-1212.54	-1850.56	43.3712	1.92399	
-1216.53	-1856.59	43.3615	1.95696	
-1220.52	-1862.63	43.4706	1.96819	
-1224.52	-1868.68	43.4472	1.98229	
-1228.52	-1874.74	43.5429	1.97436	
-1232.54	-1880.81	43.5068	1.96927	
-1236.56	-1886.89	43.5906	1.94227	
-1240.59	-1892.98	43.5433	1.91844	
-1244.61	-1899.08	43.6169	1.87319	
-1248.66	-1905.18	43.5606	1.83183	
-1252.7	-1911.3	43.6262	1.76988	
-1256.75	-1917.43	43.563	1.71289	
-1260.81	-1923.57	43.6232	1.63647	
-1264.88	-1929.72	43.5559	1.56636	
-1268.95	-1935.87	43.6134	1.47828	
-1273.03	-1942.04	43.5448	1.3981	
-1277.11	-1948.22	43.6024	1.30162	
-1281.2	-1954.4	43.5354	1.21482	
-1285.3	-1960.6	43.596	1.11353	
-1289.4	-1966.81	43.5333	1.02382	
-1293.51	-1973.02	43.5996	0.921522	
-1297.63	-1979.25	43.5438	0.832714	
-1301.75	-1985.48	43.6184	0.73324	
-1305.89	-1991.73	43.5719	0.649131	
-1310.02	-1997.98	43.6568	0.556192	
-1314.17	-2004.25	43.6216	0.480384	
-1318.31	-2010.52	43.7187	0.397437	
-1322.47	-2016.81	43.6963	0.333199	
-1326.63	-2023.1	43.8068	0.263301	
-1330.81	-2029.41	43.7981	0.213441	
-1334.98	-2035.72	43.9228	0.159128	
-1339.16	-2042.05	43.9284	0.125879	
-1343.35	-2048.38	44.0674	0.0890673	
-1347.55	-2054.72	44.0871	0.0740015	
-1351.75	-2061.08	44.24	0.0559079	
-1355.96	-2067.44	44.2732	0.0598708	
-1360.17	-2073.81	44.4392	0.0609669	
-1364.4	-2080.2	44.4846	0.0840452	
-1368.62	-2086.59	44.6621	0.104038	
-1372.86	-2092.99	44.718	0.145556	
-1377.1	-2099.4	44.9051	0.183398	
-1381.35	-2105.82	44.9695	0.241945	
-1385.6	-2112.26	45.1639	0.29588	
-1389.87	-2118.7	45.2342	0.369365	
-1394.13	-2125.15	45.4333	0.436996	
-1398.41	-2131.61	45.5069	0.522732	
-1402.68	-2138.08	45.7079	0.601114	
-1406.97	-2144.56	45.7819	0.695928	
-1411.26	-2151.05	45.982	0.781691	
-1415.57	-2157.55	46.0536	0.882045	
-1419.87	-2164.06	46.25	0.971525	
-1424.19	-2170.58	46.3163	1.07366	
-1428.5	-2177.11	46.5064	1.16305	
-1432.83	-2183.65	46.565	1.26314	
-1437.16	-2190.2	46.7462	1.34862	
-1441.51	-2196.76	46.7948	1.44292	
-1445.85	-2203.33	46.9652	1.52085	
-1450.21	-2209.91	47.002	1.60584	
-1454.56	-2216.5	47.1599	1.67287	
-1458.93	-2223.09	47.1835	1.7454	
-1463.3	-2229.7	47.3278	1.79863	
-1467.68	-2236.32	47.3373	1.85605	
-1472.06	-2242.95	47.4674	1.89311	
-1476.46	-2249.59	47.4627	1.93338	
-1480.85	-2256.23	47.5786	1.95255	
-1485.26	-2262.89	47.5598	1.9743	
-1489.67	-2269.56	47.6621	1.97459	
-1494.09	-2276.23	47.63	1.97719	
-1498.51	-2282.92	47.7198	1.95836	
-1502.94	-2289.62	47.6758	1.94195	
-1507.38	-2296.32	47.7547	1.9045	
-1511.83	-2303.04	47.7008	1.86997	
-1516.27	-2309.76	47.7707	1.81517	
-1520.73	-2316.5	47.709	1.76414	
-1525.19	-2323.24	47.7725	1.69394	
-1529.67	-2330	47.7055	1.62868	
-1534.14	-2336.76	47.7652	1.54564	
-1538.63	-2343.54	47.6956	1.46898	
-1543.11	-2350.32	47.7543	1.37618	
-1547.61	-2357.12	47.6851	1.29143	
-1552.11	-2363.92	47.7456	1.19234	
-1556.62	-2370.74	47.6796	1.1031	
-1561.14	-2377.56	47.7446	1.00144	
-1565.66	-2384.39	47.6845	0.911496	
-1570.19	-2391.24	47.7568	0.81109	
-1574.73	-2398.09	47.705	0.724263	
-1579.27	-2404.95	47.7868	0.62888	
-1583.82	-2411.83	47.7455	0.548863	
-1588.37	-2418.71	47.8387	0.462075	
-1592.93	-2425.6	47.8096	0.392286	
-1597.5	-2432.5	47.9157	0.317322	
-1602.08	-2439.41	47.9001	0.260772	
-1606.65	-2446.34	48.0201	0.200389	
-1611.25	-2453.27	48.0185	0.15956	
-1615.84	-2460.21	48.1528	0.115936	
-1620.44	-2467.16	48.1655	0.0926805	
-1625.04	-2474.12	48.3138	0.0673237	
-1629.66	-2481.09	48.3404	0.0627959	
-1634.28	-2488.07	48.5021	0.056487	
-1638.91	-2495.06	48.5415	0.0710919	
-1643.54	-2502.06	48.7154	0.0838528	
-1648.18	-2509.07	48.766	0.117233	
-1652.82	-2516.09	48.9503	0.148325	
-1657.48	-2523.12	49.0103	0.199373	
-1662.14	-2530.16	49.2028	0.247329	
-1666.81	-2537.21	49.2699	0.314234	
-1671.48	-2544.27	49.4682	0.376913	
-1676.16	-2551.34	49.5397	0.457232	
-1680.84	-2558.42	49.741	0.531907	
-1685.54	-2565.5	49.8142	0.622662	
-1690.23	-2572.6	50.0157	0.706129	
-1694.94	-2579.71	50.0877	0.803926	
-1699.65	-2586.83	50.2866	0.89263	
-1704.37	-2593.96	50.3545	0.993795	
-1709.09	-2601.09	50.5481	1.08397	
-1713.83	-2608.24	50.6094	1.1847	
-1718.56	-2615.4	50.795	1.27253	
-1723.31	-2622.56	50.8474	1.36903	
-1728.06	-2629.74	51.0229	1.45079	
-1732.82	-2636.93	51.0642	1.53943	
-1737.58	-2644.12	51.2279	1.61163	
-1742.35	-2651.33	51.2566	1.68912	
-1747.13	-2658.54	51.407	1.74866	
-1751.91	-2665.77	51.422	1.81212	
-1756.7	-2673	51.5584	1.85641	
-1761.5	-2680.25	51.5593	1.90355	
-1766.3	-2687.5	51.6813	1.93059	
-1771.11	-2694.77	51.6681	1.95975	
-1775.93	-2702.04	51.7762	1.96825	
-1780.75	-2709.33	51.7493	1.9785	
-1785.58	-2716.62	51.8443	1.96789	
-1790.42	-2723.93	51.8051	1.95905	
-1795.26	-2731.24	51.8885	1.92953	
-1800.11	-2738.56	51.8385	1.90218	
-1804.96	-2745.9	51.912	1.8547	
-1809.83	-2753.24	51.8534	1.81016	
-1814.69	-2760.59	51.9193	1.7464	
-1819.57	-2767.96	51.8544	1.68667	
-1824.45	-2775.33	51.9153	1.60894	
-1829.34	-2782.71	51.8468	1.53663	
-1834.23	-2790.1	51.9055	1.4478	
-1839.14	-2797.5	51.8362	1.36604	
-1844.04	-2804.92	51.8955	1.26942	
-1848.96	-2812.34	51.8283	1.18168	
-1853.88	-2819.77	51.8909	1.08091	
-1858.81	-2827.21	51.8285	0.990922	
-1863.74	-2834.66	51.8972	0.889788	
-1868.68	-2842.12	51.8423	0.801365	
-1873.62	-2849.59	51.9195	0.703667	
-1878.58	-2857.07	51.8742	0.620565	
-1883.54	-2864.56	51.962	0.529969	
-1888.51	-2872.06	51.9283	0.455731	
-1893.48	-2879.57	52.0284	0.375618	
-1898.46	-2887.09	52.0077	0.313432	
-1903.44	-2894.62	52.1213	0.246765	
-1908.44	-2902.16	52.1145	0.199337	
-1913.44	-2909.71	52.2422	0.148541	
-1918.45	-2917.27	52.2496	0.117993	
-1923.45	-2924.84	52.3915	0.0848599	
-1928.48	-2932.41	52.413	0.0726382	
-1933.5	-2940	52.5686	0.0582547	
-1938.53	-2947.6	52.6034	0.0650758	
-1943.57	-2955.21	52.7716	0.069781	
-1948.62	-2962.83	52.8185	0.0956027	
-1953.67	-2970.45	52.9978	0.118974	
-1958.73	-2978.09	53.0549	0.162997	
-1963.79	-2985.74	53.2434	0.203867	
-1968.86	-2993.39	53.3085	0.264568	
-1973.94	-3001.06	53.5038	0.321072	
-1979.02	-3008.74	53.5744	0.396261	
-1984.11	-3016.42	53.7738	0.465909	
-1989.21	-3024.12	53.8473	0.552823	
-1994.31	-3031.82	54.0482	0.632603	
-1999.43	-3039.54	54.1216	0.728008	
-2004.54	-3047.26	54.321	0.814504	
-2009.67	-3055	54.3917	0.914832	
-2014.79	-3062.74	54.5867	1.00436	
-2019.93	-3070.5	54.6519	1.10584	
-2025.07	-3078.26	54.8401	1.19459	
-2030.23	-3086.04	54.8972	1.29343	
-2035.38	-3093.82	55.0762	1.37763	
-2040.54	-3101.62	55.123	1.47011	
-2045.71	-3109.42	55.2909	1.54616	
-2050.89	-3117.23	55.3258	1.62884	
-2056.07	-3125.06	55.4809	1.69349	
-2061.26	-3132.89	55.5025	1.7633	
-2066.45	-3140.73	55.6439	1.81372	
-2071.66	-3148.59	55.6515	1.86813	
-2076.86	-3156.45	55.7787	1.90208	
-2082.08	-3164.32	55.772	1.93916	
-2087.3	-3172.2	55.8851	1.95505	
-2092.53	-3180.09	55.8646	1.97355	
-2097.76	-3188	55.9642	1.97051	
-2103.01	-3195.91	55.9308	1.96995	
-2108.25	-3203.83	56.0181	1.94786	
-2113.51	-3211.76	55.9732	1.92849	
-2118.76	-3219.7	56.0499	1.88801	
-2124.03	-3227.65	55.9954	1.85085	
-2129.3	-3235.61	56.0637	1.79334	
-2134.59	-3243.58	56.0018	1.74011	
-2139.87	-3251.56	56.064	1.66763	
-2145.17	-3259.55	55.9975	1.60071	
-2150.46	-3267.55	56.0563	1.51591	
-2155.77	-3275.56	55.9877	1.43819	
-2161.08	-3283.58	56.0459	1.34422	
-2166.41	-3291.61	55.9782	1.25905	
-2171.73	-3299.65	56.0387	1.15941	
-2177.07	-3307.7	55.9747	1.07042	
-2182.4	-3315.76	56.0402	0.968841	
-2187.75	-3323.82	55.9824	0.879826	
-2193.1	-3331.9	56.0556	0.780124	
-2198.46	-3339.99	56.0065	0.69487	
-2203.82	-3348.09	56.0894	0.600778	
-2209.2	-3356.2	56.0511	0.522924	
-2214.57	-3364.31	56.1457	0.43795	
-2219.96	-3372.44	56.1198	0.37084	
-2225.35	-3380.58	56.2275	0.298131	
-2230.75	-3388.72	56.2151	0.244679	
-2236.15	-3396.88	56.3367	0.18689	
-2241.56	-3405.05	56.3384	0.149467	
-2246.98	-3413.22	56.4742	0.108661	
-2252.41	-3421.41	56.4902	0.0889949	
-2257.83	-3429.6	56.6399	0.0665556	
-2263.27	-3437.81	56.6695	0.0656697	
-2268.71	-3446.02	56.8324	0.0622493	
-2274.17	-3454.25	56.8745	0.0804162	
-2279.62	-3462.48	57.0492	0.0959084	
-2285.09	-3470.73	57.1022	0.132641	
-2290.55	-3478.98	57.2871	0.166186	
-2296.03	-3487.25	57.349	0.220258	
-2301.51	-3495.52	57.5416	0.270276	
-2307	-3503.81	57.6101	0.339768	
-2312.5	-3512.1	57.8081	0.404023	
-2318	-3520.4	57.8805	0.486403	
-2323.51	-3528.72	58.0811	0.562093	
-2329.03	-3537.04	58.1546	0.654314	
-2334.55	-3545.37	58.3549	0.73818	
-2340.08	-3553.72	58.4268	0.836803	
-2345.61	-3562.07	58.624	0.925261	
-2351.15	-3570.43	58.6914	1.02659	
-2356.7	-3578.8	58.8829	1.11588	
-2362.26	-3587.18	58.9432	1.21612	
-2367.81	-3595.58	59.1265	1.30243	
-2373.39	-3603.98	59.1774	1.39782	
-2378.96	-3612.39	59.3503	1.47748	
-2384.54	-3620.81	59.39	1.56445	
-2390.12	-3629.24	59.5508	1.63406	
-2395.72	-3637.68	59.5776	1.70938	
-2401.32	-3646.13	59.7252	1.76591	
-2406.93	-3654.59	59.7382	1.82683	
-2412.54	-3663.06	59.8717	1.8678	
-2418.16	-3671.54	59.8705	1.91212	
-2423.78	-3680.03	59.9899	1.93565	
-2429.42	-3688.53	59.9746	1.96185	
-2435.06	-3697.04	60.0802	1.96678	
-2440.71	-3705.56	60.0516	1.97404	
-2446.36	-3714.09	60.1444	1.95994	
-2452.02	-3722.63	60.1037	1.94822	
-2457.68	-3731.18	60.1852	1.91542	
-2463.36	-3739.73	60.134	1.88542	
-2469.03	-3748.3	60.2061	1.83498	
-2474.72	-3756.88	60.1466	1.78815	
-2480.41	-3765.47	60.2117	1.72186	
-2486.11	-3774.07	60.1463	1.66028	
-2491.81	-3782.67	60.2069	1.58055	
-2497.53	-3791.29	60.1384	1.50692	
-2503.24	-3799.92	60.1972	1.4167	
-2508.97	-3808.55	60.1284	1.3342	
-2514.7	-3817.2	60.1883	1.23684	
-2520.44	-3825.86	60.122	1.14898	
-2526.18	-3834.52	60.1859	1.04814	
-2531.93	-3843.2	60.1247	0.958674	
-2537.69	-3851.88	60.1951	0.858135	
-2543.45	-3860.58	60.1417	0.770854	
-2549.22	-3869.28	60.221	0.674393	
-2555	-3878	60.1776	0.593009	
-2560.78	-3886.72	60.2677	0.504238	
-2566.57	-3895.46	60.2361	0.43223	
-2572.37	-3904.2	60.3388	0.354455	
-2578.17	-3912.96	60.3202	0.294923	
-2583.98	-3921.72	60.4365	0.23101	
-2589.8	-3930.5	60.4318	0.18656	
-2595.62	-3939.28	60.5622	0.138822	
-2601.45	-3948.07	60.5718	0.111455	
-2607.28	-3956.88	60.7163	0.081563	
-2613.13	-3965.69	60.7397	0.0726003	
-2618.97	-3974.51	60.8978	0.0615104	
-2624.83	-3983.35	60.9342	0.0715383	
-2630.69	-3992.19	61.1047	0.079459	
-2636.56	-4001.04	61.1528	0.108307	
-2642.43	-4009.9	61.3341	0.134688	
-2648.32	-4018.77	61.392	0.181435	
-2654.2	-4027.66	61.582	0.224991	
-2660.1	-4036.55	61.6475	0.288002	
-2666	-4045.45	61.8439	0.346764	
-2671.91	-4054.36	61.9145	0.423755	
-2677.82	-4063.28	62.1145	0.495147	
-2683.74	-4072.21	62.1874	0.583278	
-2689.66	-4081.15	62.3884	0.664222	
-2695.6	-4090.1	62.4608	0.760209	
-2701.54	-4099.06	62.6599	0.847245	
-2707.49	-4108.03	62.7289	0.947491	
-2713.44	-4117.01	62.9233	1.03692	
-2719.4	-4126	62.9864	1.13766	
-2725.36	-4135	63.1736	1.22568	
-2731.34	-4144.01	63.2283	1.32312	
-2737.32	-4153.03	63.4059	1.406	
-2743.31	-4162.06	63.4501	1.4965	
-2749.29	-4171.1	63.6162	1.5707	
-2755.3	-4180.14	63.6482	1.65087	
-2761.3	-4189.2	63.8016	1.71321	
-2767.31	-4198.27	63.8202	1.78009	
-2773.33	-4207.35	63.9597	1.82785	
-2779.36	-4216.44	63.9643	1.87901	
-2785.39	-4225.53	64.0896	1.91005	
-2791.43	-4234.64	64.0801	1.94369	
-2797.47	-4243.76	64.1914	1.95655	
-2803.52	-4252.88	64.1682	1.97155	
-2809.58	-4262.02	64.2663	1.96549	
-2815.64	-4271.17	64.2304	1.96149	
-2821.71	-4280.32	64.3166	1.93653	
-2827.79	-4289.49	64.2695	1.91391	
-2833.87	-4298.66	64.3454	1.87081	
-2839.97	-4307.85	64.2892	1.83072	
-2846.06	-4317.04	64.357	1.77097	
-2852.17	-4326.25	64.294	1.71524	
-2858.27	-4335.46	64.3562	1.641	
-2864.39	-4344.69	64.2888	1.57208	
-2870.51	-4353.92	64.3481	1.48607	
-2876.65	-4363.17	64.2793	1.40694	
-2882.78	-4372.42	64.3385	1.31236	
-2888.92	-4381.69	64.2711	1.22641	
-2895.07	-4390.96	64.333	1.12681	
-2901.23	-4400.24	64.2696	1.0377	
-2907.39	-4409.54	64.337	0.936817	
-2913.56	-4418.84	64.2804	0.84833	
-2919.73	-4428.15	64.3556	0.749949	
-2925.92	-4437.48	64.3081	0.665844	
-2932.1	-4446.81	64.3934	0.573657	
-2938.3	-4456.15	64.357	0.497519	
-2944.5	-4465.5	64.4542	0.41497	
-2950.71	-4474.86	64.4303	0.350065	
-2956.92	-4484.24	64.5407	0.28021	
-2963.15	-4493.62	64.5304	0.229357	
-2969.37	-4503.01	64.6547	0.174748	
-2975.61	-4512.41	64.6586	0.140204	
-2981.84	-4521.82	64.7971	0.102783	
-2988.09	-4531.24	64.815	0.0861566	
-2994.34	-4540.67	64.9673	0.0671796	
-3000.61	-4550.11	64.9987	0.0693645	
-3006.87	-4559.56	65.1638	0.069353	
-3013.15	-4569.02	65.2075	0.0904925	
-3019.42	-4578.49	65.3841	0.109211	
-3025.71	-4587.97	65.4384	0.148693	
-3032	-4597.46	65.6246	0.18516	
-3038.31	-4606.96	65.6875	0.241642	
-3044.61	-4616.47	65.881	0.294166	
-3050.93	-4625.99	65.95	0.365628	
-3057.24	-4635.52	66.1484	0.43188	
-3063.57	-4645.05	66.2209	0.515705	
-3069.9	-4654.6	66.4213	0.592808	
-3076.24	-4664.16	66.4945	0.685886	
-3082.58	-4673.73	66.6942	0.77053	
-3088.94	-4683.31	66.7652	0.869384	
-3095.29	-4692.89	66.9613	0.957959	
-3101.66	-4702.49	67.0275	1.05888	
-3108.03	-4712.1	67.2174	1.14762	
-3114.41	-4721.71	67.2761	1.24682	
-3120.79	-4731.34	67.4575	1.33196	
-3127.18	-4740.98	67.5065	1.42572	
-3133.58	-4750.62	67.6772	1.50361	
-3139.99	-4760.28	67.7147	1.58844	
-3146.39	-4769.94	67.8731	1.65575	
-3152.81	-4779.62	67.8977	1.72849	
-3159.23	-4789.3	68.0426	1.78231	
