1	1	2	2	
1.10677	1.09687	2.10323	2.09333	
1.19983	1.18612	2.18469	2.17197	
1.30403	1.26637	2.27282	2.23706	
1.39248	1.33732	2.33544	2.28608	
1.49021	1.39681	2.4051	2.32118	
1.57074	1.44602	2.44585	2.33932	
1.65893	1.48196	2.49393	2.3434	
1.72922	1.50753	2.5099	2.32995	
1.80606	1.51889	2.53326	2.30236	
1.86551	1.52108	2.52124	2.25668	
1.93145	1.50972	2.51595	2.19613	
1.98277	1.49295	2.47093	2.11563	
2.04354	1.46757	2.42937	2.01619	
2.09911	1.44941	2.33829	1.8873	
2.18015	1.45185	2.2348	1.712	
2.29192	1.56235	2.04671	1.41065	
2.3817	1.5625	1.89427	1.19637	
2.33685	1.56456	1.82459	0.967422	
2.43688	1.52669	1.62471	0.758262	
2.21543	1.40316	1.6976	0.628089	
2.4191	1.39883	1.36139	0.362186	
2.02738	1.17241	1.57603	0.318385	
2.35799	1.22687	1.08598	-0.0189409	
1.78475	0.900776	1.4603	0.0313954	
2.26353	1.02634	0.802013	-0.378607	
1.49275	0.599871	1.35963	-0.222197	
2.14109	0.802912	0.519315	-0.700161	
1.14695	0.269664	1.29422	-0.420241	
1.99291	0.541287	0.251883	-0.946599	
0.714875	-0.123783	1.31308	-0.50773	
1.88031	0.250097	-0.0449545	-1.10632	
0.238685	-0.569275	1.39064	-0.476674	
1.78742	-0.00730061	-0.338917	-1.22472	
-0.139819	-0.917428	1.40113	-0.459925	
1.71492	-0.212646	-0.615186	-1.30512	
-0.494424	-1.21265	1.43313	-0.399859	
1.64972	-0.383666	-0.846705	-1.31842	
-0.830034	-1.46285	1.50455	-0.279185	
1.59468	-0.516628	-1.02442	-1.26103	
-1.14184	-1.66401	1.62123	-0.0967434	
1.55539	-0.606087	-1.14459	-1.13544	
-1.42358	-1.81117	1.78483	0.143238	
1.53763	-0.647297	-1.20658	-0.947845	
-1.66907	-1.90028	1.99401	0.433027	
1.54661	-0.636996	-1.21234	-0.707392	
-1.87294	-1.92893	2.24497	0.762211	
1.58652	-0.573769	-1.16615	-0.425521	
-2.03096	-1.89663	2.53173	1.11833	
1.66033	-0.458215	-1.07436	-0.115425	
-2.14028	-1.80496	2.84646	1.48749	
1.76954	-0.293006	-0.945007	0.20857	
-2.19963	-1.65762	3.17984	1.85502	
1.91412	-0.0828657	-0.78751	0.531655	
-2.20941	-1.46032	3.52145	2.20613	
2.09236	0.165541	-0.612155	0.839213	
-2.17166	-1.22065	3.86029	2.52655	
2.30092	0.443807	-0.429639	1.11746	
-2.09008	-0.947836	4.18516	2.80319	
2.53487	0.74207	-0.250577	1.35407	
-1.96987	-0.652371	4.4852	3.02467	
2.78789	1.04936	-0.0850312	1.53865	
-1.81751	-0.345654	4.7503	3.18179	
3.05244	1.35403	0.057913	1.66324	
-1.64051	-0.0395206	4.97146	3.26793	
3.32008	1.64422	0.170491	1.72257	
-1.44705	0.254259	5.14114	3.27924	
3.58195	1.90841	0.2465	1.71423	
-1.24568	0.524501	5.25357	3.21478	
3.8291	2.13597	0.281477	1.63864	
-1.04497	0.761087	5.30497	3.07647	
4.05293	2.31761	0.272861	1.49903	
-0.853211	0.955367	5.29371	2.8691	
4.24544	2.44578	0.220127	1.30129	
-0.678075	1.10048	5.22044	2.60005	
4.39958	2.51489	0.124853	1.05376	
-0.526347	1.19162	5.08803	2.27913	
4.50943	2.52154	-0.00932152	0.766971	
-0.403631	1.22616	4.90147	1.91811	
4.57048	2.46464	-0.176831	0.453179	
-0.314134	1.20383	4.66766	1.53035	
4.5798	2.34543	-0.370413	0.125919	
-0.260496	1.12662	4.39515	1.13019	
4.53616	2.16746	-0.581406	-0.200552	
-0.243692	0.998761	4.09379	0.732459	
4.44009	1.93644	-0.800105	-0.51183	
-0.263001	0.826539	3.77433	0.351844	
4.29387	1.66001	-1.01616	-0.793947	
-0.316045	0.618017	3.44805	0.00232991	
4.10146	1.34748	-1.21901	-1.03394	
-0.398883	0.382734	3.12628	-0.303369	
3.86838	1.00945	-1.3983	-1.2204	
-0.506177	0.131329	2.81992	-0.554321	
3.60147	0.657446	-1.54437	-1.34394	
-0.631393	-0.124869	2.53907	-0.741832	
3.30866	0.303449	-1.64859	-1.3976	
-0.767052	-0.374266	2.29257	-0.859811	
2.99871	-0.0405043	-1.70381	-1.37717	
-0.905012	-0.605432	2.08761	-0.905049	
2.68086	-0.362776	-1.70461	-1.2814	
-1.03678	-0.807526	1.92951	-0.877382	
2.36445	-0.652554	-1.64757	-1.11209	
-1.15387	-0.9707	1.82143	-0.779716	
2.05866	-0.900248	-1.5314	-0.874044	
-1.24816	-1.0865	1.76435	-0.617915	
1.7721	-1.09786	-1.35709	-0.574882	
-1.31226	-1.14819	1.757	-0.400553	
1.5126	-1.23924	-1.12791	-0.224811	
-1.33979	-1.15105	1.79596	-0.138585	
1.287	-1.3203	-0.849378	0.163746	
-1.32558	-1.09254	1.87571	0.155099	
1.10092	-1.33916	-0.529144	0.576642	
-1.26586	-0.972508	1.98882	0.466288	
0.958459	-1.29639	-0.176548	0.998734	
-1.15852	-0.793398	2.12637	0.780225	
0.861814	-1.19524	0.197923	1.41474	
-1.00337	-0.560339	2.27852	1.08236	
0.811112	-1.04163	0.583173	1.80995	
-0.802245	-0.280906	2.43494	1.35893	
0.804427	-0.843809	0.967897	2.17076	
-0.558949	0.0352791	2.58527	1.59737	
0.83797	-0.611883	1.34092	2.48499	
-0.279036	0.377026	2.71946	1.78675	
0.906325	-0.357305	1.69157	2.74235	
0.0304322	0.732065	2.82816	1.91815	
1.00273	-0.0923793	2.01002	2.93473	
0.361171	1.08753	2.90307	1.98506	
1.11938	0.170228	2.28766	3.0566	
0.703989	1.43046	2.9373	1.98358	
1.24777	0.41796	2.51738	3.1052	
1.04911	1.74822	2.9257	1.91275	
1.37907	0.638763	2.69389	3.0808	
1.38644	2.02886	2.86515	1.77466	
1.50437	0.821351	2.81396	2.98687	
1.70566	2.26128	2.75502	1.57474	
1.61479	0.955276	2.8768	2.83036	
1.99619	2.43515	2.59768	1.32201	
1.70145	1.0314	2.88455	2.62134	
2.24757	2.54179	2.39833	1.02832	
1.75632	1.04391	2.84159	2.37093	
2.45196	2.57699	2.16286	0.705323	
1.77455	0.992359	2.75245	2.08911	
2.60563	2.54263	1.89632	0.362612	
1.75565	0.881558	2.6206	1.78437	
2.70859	2.44585	1.60329	0.00808698	
1.7041	0.721483	2.44769	1.46333	
2.76451	2.29947	1.28777	-0.35309	
1.63151	0.529315	2.23121	1.12801	
2.7814	2.12621	0.952199	-0.723403	
1.56296	0.336653	1.95775	0.767861	
2.76871	1.97351	0.599909	-1.12864	
1.55635	0.215498	1.58319	0.332932	
2.64549	1.8251	0.326479	-1.53028	
1.51677	0.121153	1.21776	-0.109894	
2.48039	1.59034	0.0791656	-1.81579	
1.2535	-0.168217	1.06847	-0.317358	
2.22431	1.29101	-0.0764094	-1.98621	
0.968952	-0.463378	0.949508	-0.45888	
4.57959	5.63736	-2.82611	-6.73308	
8.75623	7.31783	-7.21604	-8.59921	
8.80185	12.118	-7.40973	-13.5291	
16.8173	15.3025	-15.6149	-16.8511	
12.9349	17.76	-11.8566	-19.3887	
24.6621	22.2925	-23.7435	-24.0058	
16.6802	22.2893	-15.8557	-24.0292	
32.08	28.0387	-31.3796	-29.8076	
19.8213	25.4911	-19.1802	-27.2315	
38.8444	32.3463	-38.2879	-34.0595	
22.1632	27.2052	-21.6279	-28.8353	
44.7564	35.0765	-44.2636	-36.6249	
23.5418	27.3308	-23.0302	-28.7442	
49.6516	36.1529	-49.1397	-37.434	
23.8308	25.8313	-23.26	-26.9303	
53.4068	35.5644	-52.7936	-36.4864	
22.9469	22.7353	-22.2362	-23.4348	
55.9444	33.3656	-55.1517	-33.851	
20.854	18.136	-19.9282	-18.3668	
57.235	29.6744	-56.1915	-29.663	
17.5642	12.1875	-16.3566	-11.8991	
57.2985	24.6671	-55.9428	-24.1186	
13.1382	5.09872	-11.5932	-4.2613	
56.2028	18.5714	-54.4859	-17.467	
7.683	-2.87503	-5.7585	4.26934	
54.0609	11.6573	-51.948	-10.0001	
1.34771	-11.4418	0.983438	13.3786	
51.0263	4.22581	-48.4983	-2.04127	
-5.68185	-20.2846	8.43063	22.7281	
47.286	-3.40262	-44.3404	6.06823	
-13.1904	-29.0742	16.3513	31.9682	
43.0535	-10.9013	-39.7041	13.9825	
-20.9416	-37.482	24.4927	40.7524	
38.5597	-17.9503	-34.8364	21.365	
-28.6871	-45.1931	32.591	48.7508	
34.0433	-24.2492	-29.9907	27.9022	
-36.1764	-51.9187	40.3818	55.6631	
29.7414	-29.5293	-25.4171	33.3157	
-43.1664	-57.4078	47.6101	61.231	
25.8796	-33.5642	-21.352	37.3738	
-49.4311	-61.4568	54.0404	65.2477	
22.663	-36.1788	-18.0084	39.9007	
-54.7702	-63.918	59.466	67.5667	
20.2675	-37.2567	-15.5674	40.7832	
-59.0172	-64.7049	63.7171	68.1075	
18.8334	-36.7443	-14.1705	39.9758	
-62.0457	-63.7963	66.6672	66.8584	
18.4587	-34.6534	-13.9145	37.502	
-63.7745	-61.2366	68.2383	63.8775	
19.1957	-31.0605	-14.8467	33.4534	
-64.1703	-57.1343	68.4035	59.2901	
21.0488	-26.1038	-16.9637	27.9866	
-63.2494	-51.6572	67.1885	53.2835	
23.9741	-19.9777	-20.2108	21.3162	
-61.0768	-45.0266	64.6701	46.0999	
27.8809	-12.9249	-24.4845	13.7066	
-57.7633	-37.5077	60.973	38.0265	
32.6358	-5.22695	-29.6366	5.4616	
-53.4615	-29.3992	56.2652	29.3845	
38.0674	2.80735	-35.4798	-3.08823	
-48.3595	-21.0218	50.7511	20.5155	
43.9737	10.854	-41.7955	-11.5984	
-42.673	-12.705	44.6629	11.7688	
50.1296	18.587	-48.3423	-19.7243	
-36.6374	-4.77434	38.2523	3.48695	
56.2964	25.6912	-54.8658	-27.1352	
-30.498	2.4617	31.7795	-4.0075	
62.231	31.875	-61.1085	-33.5274	
-24.5003	8.72392	25.5034	-10.4251	
67.6958	36.8822	-66.8206	-38.6362	
-18.8804	13.7734	19.6714	-15.5207	
72.4683	40.5019	-71.7695	-42.2469	
-13.8556	17.421	14.5094	-19.1033	
76.35	42.5774	-75.7496	-44.2031	
-9.61593	19.5348	10.2128	-21.0436	
79.1742	43.0122	-78.5902	-44.413	
-6.3165	20.0452	6.93933	-21.2789	
80.8131	41.7741	-80.1628	-42.8534	
-4.07157	18.9477	4.8022	-19.8158	
81.1828	38.8965	-80.3862	-39.5706	
-2.95013	16.303	3.86624	-16.7295	
80.2471	34.4772	-79.2296	-34.6785	
-2.97327	12.2344	4.14525	-12.1609	
78.0184	28.6743	-76.7145	-28.3543	
-4.11352	6.92278	5.60168	-6.31074	
74.558	21.7006	-72.9134	-20.8313	
-6.29614	0.599328	8.14831	0.568224	
69.9728	13.8131	-67.9466	-12.3885	
-9.4049	-6.4664	11.6545	8.18432	
64.4132	5.30691	-61.9797	-3.34325	
-13.2789	-13.9694	15.9437	16.2106	
58.0664	-3.49852	-55.216	5.96358	
-17.7273	-21.5893	20.8084	24.3059	
51.1482	-12.2733	-47.888	15.1821	
-22.5341	-29.001	26.0165	32.1261	
43.8953	-20.6892	-40.2486	23.9664	
-27.4676	-35.8873	31.3201	39.3379	
36.5561	-28.4324	-32.5613	31.9879	
-32.2892	-41.9521	36.4662	45.632	
29.3806	-35.2161	-25.0901	38.9488	
-36.7636	-46.9318	41.2065	50.7358	
22.6112	-40.7919	-18.0891	44.5937	
-40.668	-50.6062	45.3079	54.4241	
16.4729	-44.9594	-11.7924	48.7193	
-43.8014	-52.8072	48.5616	56.5285	
11.1648	-47.5743	-6.40515	51.1831	
-45.9931	-53.4258	50.7922	56.9436	
6.85199	-48.554	-2.09571	51.9084	
-47.109	-52.4164	51.8642	55.6321	
3.65959	-47.8806	1.01111	50.8875	
-47.0578	-49.7986	51.6883	52.6255	
1.66778	-45.6017	2.83865	48.1819	
-45.7947	-45.6566	50.2247	48.0237	
0.908831	-41.8285	3.36127	43.9199	
-43.3232	-40.136	47.485	41.9905	
1.36609	-36.7311	2.60517	38.2909	
-39.6953	-33.4378	43.5321	34.7475	
2.97479	-30.5317	0.647122	31.5384	
-35.0095	-25.811	38.4775	26.5652	
5.62487	-23.4956	-2.38878	23.9498	
-29.4074	-17.5418	32.4776	17.7522	
9.16555	-15.9208	-6.33629	15.845	
-23.0676	-8.94332	25.7271	8.64317	
13.4115	-8.12566	-10.9938	7.56361	
-16.1995	-0.342366	18.4519	-0.414739	
18.1506	-0.436473	-16.1325	-0.548789	
-9.03455	7.93315	10.8997	-9.07538	
23.1521	6.82571	-21.5058	-8.15426	
-1.81752	15.5673	3.33087	-17.0075	
28.1764	13.3579	-26.8592	-14.9362	
5.20332	22.2689	-3.99221	-23.908	
32.9849	18.8874	-31.9408	-20.6118	
11.7858	27.7826	-10.8153	-29.5136	
37.3491	23.1826	-36.5111	-24.9437	
17.7036	31.8997	-16.9021	-33.612	
41.0602	26.0621	-40.353	-27.7493	
22.7547	34.4657	-22.0441	-36.0495	
43.9374	27.4024	-43.2805	-28.9077	
26.7699	35.3871	-26.0681	-36.7377	
45.8355	27.1423	-45.1462	-28.3652	
29.6189	34.6346	-28.8435	-35.6566	
46.6505	25.2858	-45.8472	-26.1368	
31.2158	32.2446	-30.2872	-32.8556	
46.3236	21.9015	-45.3295	-22.3063	
31.5222	28.3174	-30.367	-28.4517	
44.8443	17.1202	-43.5897	-17.0221	
30.5489	23.0136	-29.1023	-22.6241	
42.2503	11.1297	-40.676	-10.4921	
28.3552	16.5472	-26.564	-15.6081	
38.6262	4.16709	-36.6857	-2.97482	
25.0463	9.17755	-22.8711	-7.68474	
34.1003	-3.49077	-31.7614	5.2307	
20.7697	1.19875	-18.1862	0.829747	
28.8391	-11.538	-26.0856	13.7968	
15.7086	-7.07201	-12.7087	9.59683	
23.0414	-19.6523	-19.8732	22.3804	
10.075	-15.3071	-6.66713	18.269	
16.9295	-27.5074	-13.3634	30.6366	
4.10102	-23.1813	-0.309789	26.5038	
10.7411	-34.7865	-6.80924	38.2326	
-1.97003	-30.3851	6.10492	33.9773	
4.71932	-41.1946	-0.468447	44.8609	
-7.89373	-36.6366	12.3189	40.3967	
-0.896888	-46.4707	5.40743	50.2516	
-13.434	-41.6931	18.0847	45.5127	
-5.88227	-50.3978	10.5829	54.1832	
-18.3725	-45.3602	23.175	49.1286	
-10.0343	-52.812	14.848	56.4916	
-22.5175	-47.5	27.3921	51.1085	
-13.1814	-53.6085	18.0268	57.0763	
-25.7109	-48.0364	30.5753	51.3827	
-15.1897	-52.7467	19.9842	55.9051	
-27.8352	-46.9579	32.6075	49.9502	
-15.9685	-50.2509	20.6317	53.0147	
-28.8176	-44.3182	33.4196	46.8787	
-15.4741	-46.2102	19.931	48.5099	
-28.6328	-40.2338	32.9933	42.3019	
-13.7114	-40.7743	17.8953	42.559	
-27.3041	-34.8794	31.3617	36.4144	
-10.734	-34.1482	14.5893	35.3875	
-24.9025	-28.481	28.6077	29.4631	
-6.64199	-26.5837	10.1263	27.269	
-21.5431	-21.3065	24.861	21.7382	
-1.57832	-18.3696	4.66401	18.5142	
-17.3813	-13.6552	20.2921	13.5609	
4.27711	-9.8199	-1.60152	9.45892	
-12.6058	-5.84567	15.1062	5.27064	
10.7143	-1.26193	-8.44385	0.450493	
-7.43111	1.79683	9.53436	-2.78813	
17.5014	6.97708	-15.6148	-8.16587	
-2.08903	8.95365	3.82417	-10.2802	
24.3938	14.5828	-22.8545	-16.0608	
3.18094	15.3253	-1.77004	-16.8926	
31.1439	21.2664	-29.9013	-22.9339	
8.14116	20.6436	-6.99763	-22.3478	
37.5108	26.7758	-36.5023	-28.5256	
12.5655	24.6823	-11.6217	-26.4139	
43.2697	30.9059	-42.4233	-32.6275	
16.2485	27.2664	-15.4288	-28.9149	
48.2206	33.5065	-47.4577	-35.0905	
19.0136	28.2787	-18.2373	-29.737	
52.1963	34.4882	-51.435	-35.8308	
20.7204	27.6652	-19.905	-28.8337	
55.0691	33.826	-54.2272	-34.833	
21.2707	25.4366	-20.3351	-26.2273	
56.7552	31.5603	-55.7537	-32.1508	
20.6117	21.6685	-19.4797	-22.0085	
57.2186	27.795	-55.9846	-27.9048	
18.7393	16.498	-17.3422	-16.3325	
56.4716	22.6935	-54.9415	-22.2775	
15.6976	10.1187	-13.9772	-9.41278	
54.575	16.4719	-52.6969	-15.506	
11.5775	2.7726	-9.48863	-1.51304	
51.6348	9.39063	-49.3705	-7.87272	
6.51334	-5.2593	-4.02529	7.06361	
47.7984	1.74387	-45.125	0.306249	
0.677621	-13.6681	2.22453	15.9866	
43.2483	-6.15231	-40.1591	8.69359	
-5.7259	-22.1294	9.04063	24.9109	
38.1946	-13.9725	-34.6994	16.9443	
-12.4701	-30.3161	16.1796	33.4912	
32.8669	-21.395	-28.9916	24.7196	
-19.3136	-37.9116	23.3842	41.395	
27.5048	-28.1146	-23.2901	31.7001	
-26.0099	-44.622	30.394	48.3164	
22.348	-33.8548	-17.8484	37.599	
-32.3176	-50.1884	36.9549	53.9877	
17.6272	-38.379	-12.9081	42.1734	
-38.0096	-54.3965	42.83	58.1907	
13.5543	-41.4998	-8.68999	45.2339	
-42.8822	-57.0856	47.8083	60.7649	
10.3141	-43.0865	-5.38447	46.6521	
-46.763	-58.1548	51.7134	61.6139	
8.05713	-43.0702	-3.14437	46.3661	
-49.5179	-57.5671	54.4102	60.7095	
6.8929	-41.447	-2.07859	44.3824	
-51.0562	-55.3505	55.8106	58.0926	
6.8861	-38.2775	-2.24773	40.7763	
-51.3343	-51.5976	55.8765	53.8713	
8.05369	-33.6849	-3.66163	35.6882	
-50.3572	-46.4611	54.6214	48.2174	
10.3643	-27.8499	-6.27893	29.3188	
-48.1783	-40.1481	52.1103	41.3585	
13.7392	-21.0035	-10.0087	21.9201	
-44.8976	-32.9121	48.456	33.5697	
18.0559	-13.4176	-14.7141	13.7863	
-40.657	-25.0422	43.8158	25.1624	
23.1526	-5.3946	-20.2176	5.24147	
-35.6352	-16.8521	38.3843	16.4716	
28.8346	2.74524	-26.3083	-3.37326	
-30.0402	-8.66759	32.3859	7.84304	
34.8823	10.6761	-32.7503	-11.7132	
-24.1013	-0.813384	26.0662	-0.38083	
41.06	18.08	-39.292	-19.444	
-18.0595	6.39973	19.6815	-7.87451	
47.125	24.6591	-45.6759	-26.2549	
-12.1587	12.6872	13.4893	-14.3423	
52.8374	30.1479	-51.6497	-31.8711	
-6.63493	17.8022	7.7376	-19.5301	
57.9701	34.3239	-56.9754	-36.065	
-1.70792	21.5452	2.65513	-23.2356	
62.3171	37.0161	-61.4393	-38.665	
2.42818	23.772	-1.5576	-25.316	
65.7023	38.1122	-64.8608	-39.5624	
5.61231	24.3995	-4.73639	-25.6942	
67.9867	37.563	-67.099	-38.7161	
7.72293	23.4089	-6.75978	-24.3612	
69.0733	35.3844	-68.0589	-36.1537	
8.68275	20.8464	-7.55387	-21.3769	
68.9117	31.6567	-67.695	-31.9709	
8.4618	16.8213	-7.0952	-16.8675	
67.4997	26.5216	-66.0131	-26.3275	
7.07854	11.5017	-5.41159	-11.0203	
64.8838	20.1764	-63.0702	-19.441	
4.59905	5.10763	-2.581	-4.07639	
61.1571	12.8662	-58.9726	-11.5783	
1.13433	-2.0978	1.27168	3.67915	
56.4559	4.87436	-53.8711	-3.04469	
-3.16418	-9.8187	5.97966	11.9285	
50.954	-3.48895	-47.9555	5.8281	
-8.11074	-17.7385	11.341	20.3341	
44.8565	-11.8991	-41.4472	14.6951	
-13.4929	-25.5325	17.1268	28.5518	
38.3909	-20.0298	-34.5899	23.2118	
-19.0799	-32.8809	23.0903	36.245	
31.7984	-27.5661	-27.6407	31.0479	
-24.632	-39.4816	28.9769	43.0979	
25.3249	-34.217	-20.8591	37.9004	
-29.9102	-45.0623	34.5345	48.8279	
19.2105	-39.7267	-14.4977	43.5055	
-34.6859	-49.3911	39.5232	53.1976	
13.6803	-43.8852	-8.79126	47.6494	
-38.7498	-52.2864	43.7256	56.0234	
8.93578	-46.5362	-3.94821	50.1765	
-41.9207	-53.6235	46.955	57.1836	
5.1466	-47.5835	-0.141978	50.9954	
-44.0527	-53.34	49.0633	56.6228	
2.44396	-46.9948	2.49565	50.083	
-45.0408	-51.4384	49.9466	54.3545	
0.91551	-44.803	3.87972	47.485	
-44.8259	-47.9856	49.5499	50.4604	
0.601932	-41.1045	3.97542	43.3141	
-43.3962	-43.1106	47.8691	45.087	
1.49544	-36.0556	2.79933	37.7456	
-40.7888	-36.9994	44.9512	38.4401	
3.54015	-29.8664	0.418699	31.01	
-37.0876	-29.8874	40.8927	30.7767	
6.63444	-22.7919	-3.05134	23.3843	
-32.4204	-22.0503	35.8357	22.3942	
10.6351	-15.1223	-7.45247	15.1805	
-26.9536	-13.7927	29.9623	13.6193	
15.363	-7.17078	-12.5896	6.73332	
-20.886	-5.43666	23.4875	4.79429	
20.6106	0.738249	-18.2385	-1.61327	
-14.4404	2.6918	16.6507	-3.73589	
26.1499	8.28268	-24.1554	-9.51966	
-7.85554	10.2753	9.70618	-11.6379	
31.742	15.1554	-30.0861	-16.6643	
-1.37599	17.0176	2.91295	-18.6029	
37.1464	21.0764	-35.7765	-22.7564	
4.75719	22.656	-3.4753	-24.3591	
42.1309	25.8043	-40.9829	-27.5478	
10.3161	26.9711	-9.22042	-28.6826	
46.4807	29.1457	-45.4816	-30.8425	
15.0951	29.7959	-14.1092	-31.4061	
50.0073	30.9629	-49.0779	-32.5047	
18.9186	31.0223	-17.9616	-32.4254	
52.5555	31.1796	-51.6141	-32.4643	
21.6486	30.6056	-20.6384	-31.7041	
54.0105	29.7838	-52.9754	-30.7196	
23.1896	28.5658	-22.046	-29.2746	
54.3017	26.8282	-53.0949	-27.3371	
23.4926	24.9874	-22.1408	-25.2367	
53.4059	22.4282	-51.9564	-22.4495	
22.5569	20.0157	-20.9302	-19.754	
51.3483	16.7575	-49.5945	-16.2495	
20.4303	13.8507	-18.4729	-13.0471	
48.2015	10.0405	-46.0938	-8.9831	
17.207	6.73984	-14.8762	-5.38488	
44.0825	2.54431	-41.5854	-0.938975	
13.0238	-1.03254	-10.2916	2.92632	
39.1481	-5.43278	-36.2415	7.56261	
8.05458	-9.15618	-4.90894	11.5547	
33.5887	-13.5727	-30.2687	16.1827	
2.50364	-17.3073	1.0511	20.1565	
27.6208	-21.5505	-23.8998	24.5772	
-3.4028	-25.1618	7.34611	28.3893	
21.478	-29.0472	-17.3844	32.4105	
-9.42545	-32.4075	13.7214	35.9263	
15.4023	-35.7626	-10.9792	39.3691	
-15.3215	-38.7573	19.9202	42.4686	
9.63377	-41.4272	-4.93727	45.1738	
-20.8544	-43.9604	25.6941	47.7576	
4.40143	-45.8131	0.501545	49.591	
-25.8031	-47.8118	30.8123	51.5852	
-0.0860242	-48.7429	5.12047	52.4422	
-29.9709	-50.1612	35.0718	53.8018	
-3.6486	-50.0969	8.73439	53.6107	
-33.1934	-50.9184	38.3044	54.3225	
-6.14216	-49.8178	11.1972	53.0468	
-35.3449	-50.057	40.3842	53.1305	
-7.4642	-47.9131	12.4078	50.7693	
-36.3434	-47.6157	41.2322	50.2776	
-7.55797	-44.4548	12.314	46.865	
-36.1538	-43.6963	40.8193	45.8821	
-6.41474	-39.5765	10.9146	41.4854	
-34.7892	-38.4599	39.1678	40.1239	
-4.07423	-33.468	8.25977	34.8403	
-32.3107	-32.1204	36.3501	33.2379	
-0.623	-26.3681	4.44861	27.1897	
-28.8244	-24.9357	32.4861	25.5038	
3.80891	-18.5546	-0.374325	18.8336	
-24.4773	-17.1979	27.738	17.2353	
9.05317	-10.3336	-6.025	10.0996	
-19.4516	-9.221	22.3041	8.76792	
14.9098	-2.02729	-12.2871	1.3304	
-13.9572	-1.3288	16.4105	0.44482	
21.155	6.03905	-18.9207	-7.13028	
-8.22328	6.15818	10.3024	-7.39627	
27.5503	13.5497	-25.6715	-14.9511	
-2.48901	12.9355	4.2342	-14.4368	
33.8516	20.2114	-32.2812	-21.8263	
3.00584	18.727	-1.54105	-20.3902	
39.8192	25.7648	-38.4978	-27.488	
8.03061	23.2958	-6.78143	-25.013	
45.2272	29.9946	-44.0853	-31.7168	
12.373	26.4537	-11.266	-28.1151	
49.8723	32.7388	-48.8331	-34.3506	
15.8478	28.069	-14.8035	-29.5668	
53.5821	33.8941	-52.5647	-35.2905	
18.3037	28.0714	-17.2405	-29.3044	
56.2217	33.4208	-55.1441	-34.5055	
19.6303	26.4548	-18.4669	-27.3325	
57.699	31.344	-56.4817	-32.0332	
19.7617	23.278	-18.4208	-23.7239	
57.9685	27.7527	-56.5372	-27.9781	
18.6797	18.6619	-17.091	-18.6169	
57.0328	22.7961	-55.3219	-22.5081	
16.4145	12.7851	-14.5175	-12.2095	
54.9428	16.6775	-52.8975	-15.847	
13.0434	5.87634	-10.7898	-4.75177	
51.795	9.64672	-49.374	-8.2661	
8.68773	-1.79416	-6.04335	3.46428	
47.7283	1.98935	-44.905	-0.0730518	
3.50846	-9.92574	-0.454558	12.1162	
42.918	-5.98407	-39.6816	8.4003	
-2.30063	-18.1991	5.76654	20.8641	
37.5685	-13.9507	-33.9249	16.8112	
-8.5204	-26.2893	12.3845	29.3638	
31.9059	-21.5883	-27.8769	24.8197	
-14.9151	-33.8783	19.1477	37.2812	
26.1681	-28.588	-21.7907	32.1021	
-21.2416	-40.6678	25.7987	44.3049	
20.5956	-34.6668	-15.9208	38.3642	
-27.2594	-46.3914	32.0838	50.1591	
15.4221	-39.5785	-10.5124	43.3525	
-32.7395	-50.8246	37.7638	54.6141	
10.8647	-43.1239	-5.79203	46.8648	
-37.4744	-53.7943	42.623	57.496	
7.11559	-45.1587	-1.95812	48.758	
-41.2853	-55.1854	46.4781	58.6933	
4.33399	-45.5989	0.826731	48.954	
-44.0302	-54.9454	49.1852	58.161	
2.64015	-44.4248	2.44232	47.4425	
-45.6087	-53.0865	50.6457	55.9232	
2.11025	-41.6808	2.81569	44.2817	
-45.9665	-49.6853	50.81	52.0714	
2.77349	-37.4749	1.924	39.596	
-45.0973	-44.8791	49.6797	46.7611	
4.61083	-31.9731	-0.204482	33.5707	
-43.0429	-38.8613	47.3071	40.2057	
7.55577	-25.3938	-3.49154	26.4449	
-39.892	-31.8731	43.7937	32.6678	
11.497	-17.9984	-7.81209	18.502	
-35.7761	-24.194	39.2855	24.4488	
16.2828	-10.0813	-12.9992	10.058	
-30.8644	-16.1305	33.9675	15.8768	
21.727	-1.95785	-18.8506	1.44945	
-25.3572	-8.00438	28.0564	7.29391	
27.6167	6.04795	-25.137	-6.98043	
-19.4777	-0.139371	21.7915	-0.958075	
33.7202	13.6166	-31.611	-14.8952	
-13.4634	7.15155	15.4258	-8.5507	
39.7971	20.4457	-38.0169	-21.9787	
-7.55626	13.5786	9.21535	-15.1822	
45.6068	26.2621	-44.1013	-27.9476	
-1.99315	18.8869	3.40924	-20.5894	
50.9191	30.8327	-49.6226	-32.5629	
3.00341	22.8662	-1.76021	-24.5584	
55.5226	33.974	-54.3614	-35.6391	
7.23423	25.36	-6.08685	-26.9328	
59.2339	35.5591	-58.1284	-37.052	
10.5314	26.2708	-9.39885	-27.6202	
61.9041	35.5229	-60.7726	-36.7434	
12.7649	25.5649	-11.5655	-26.5957	
63.4255	33.8646	-62.1872	-34.7235	
13.8479	23.2731	-12.5025	-23.9026	
63.7352	30.6481	-62.3134	-31.0704	
13.7399	19.4897	-12.1751	-19.6514	
62.8183	25.9989	-61.1437	-25.9271	
12.4487	14.3685	-10.5997	-14.0146	
60.708	20.0997	-58.7211	-19.4961	
10.0297	8.11705	-7.84307	-7.22024	
57.4847	13.1826	-55.1384	-12.0305	
6.58395	0.987934	-4.01946	0.457457	
53.2723	5.5201	-50.5339	-3.82497	
2.25387	-6.73107	0.713679	8.70883	
48.2339	-2.58561	-45.086	4.79689	
-2.78231	-14.7286	6.16215	17.2012	
42.5649	-10.815	-39.0063	13.4949	
-8.31777	-22.682	12.1028	25.5924	
36.4853	-18.8436	-32.5313	21.9259	
-14.1254	-30.2705	18.2926	33.5441	
30.2311	-26.3553	-25.9125	29.7578	
-19.9669	-37.1877	24.4779	40.7354	
24.0447	-33.0546	-19.4068	36.6823	
-25.6022	-43.154	30.4052	46.8759	
18.1657	-38.6785	-13.2664	42.4273	
-30.7992	-47.9278	35.8308	51.7169	
12.8207	-43.0069	-7.72819	46.7682	
-35.343	-51.3147	40.5309	55.0615	
8.21508	-45.8715	-3.00514	49.5359	
-39.0446	-53.1761	44.3102	56.7726	
4.52429	-47.1622	0.722717	50.6243	
-41.7481	-53.4337	47.0101	56.7781	
1.88711	-46.8319	3.31524	49.9945	
-43.3377	-52.0737	48.5148	55.0742	
0.400162	-44.8978	4.67769	47.6755	
-43.7414	-49.1464	48.756	51.7249	
0.114088	-41.4414	4.76452	43.7641	
-42.9347	-44.7648	47.7158	46.8601	
1.03156	-36.6043	3.58111	38.4203	
-40.9413	-39.1001	45.4271	40.6702	
3.10723	-30.5835	1.18352	31.861	
-37.8321	-32.3744	41.9728	33.3983	
6.2496	-23.6227	-2.32381	24.3516	
-33.7224	-24.8524	37.4821	25.3309	
10.3247	-16.0033	-6.79222	16.1953	
-28.7675	-16.8306	32.1258	16.7861	
15.1614	-8.03246	-12.0349	7.72063	
-23.1567	-8.62543	26.1089	8.10136	
20.5585	-0.0313562	-17.8342	-0.731128	
-17.1052	-0.560787	19.6632	-0.38043	
26.2924	7.67785	-23.9505	-8.81986	
-10.846	7.0449	13.0376	-8.32418	
32.1265	14.7848	-30.1317	-16.2201	
-4.62082	13.8914	6.48819	-15.4162	
37.8202	21.0035	-36.1236	-22.6341	
1.33014	19.7086	0.268439	-21.3766	
43.1392	26.0834	-41.6795	-27.8036	
6.7772	24.2673	-5.38122	-25.9705	
47.8639	29.8197	-46.5706	-31.5203	
11.5106	27.3883	-10.2428	-29.0172	
51.7992	32.0613	-50.5948	-33.6338	
15.3486	28.9495	-14.1295	-30.3978	
54.7815	32.717	-53.585	-34.058	
18.145	28.891	-16.8929	-30.0593	
56.6857	31.759	-55.4157	-32.7745	
19.7948	27.2169	-18.4293	-28.0172	
57.4301	29.2241	-56.008	-29.8329	
20.2382	23.9957	-18.6833	-24.3548	
56.9795	25.2122	-55.3327	-25.3494	
19.4631	19.3575	-17.6503	-19.2195	
55.347	19.882	-53.4116	-19.5016	
17.5058	13.4885	-15.3768	-12.8175	
52.5929	13.4454	-50.3167	-12.5219	
14.449	6.62358	-11.9579	-5.40486	
48.8229	6.15821	-46.167	-4.68782	
10.419	-0.962672	-7.53433	2.72193	
44.1836	-1.68938	-41.1242	3.68863	
5.58027	-8.96729	-2.28613	11.2384	
38.8567	-9.78478	-35.3858	12.2738	
0.129157	-17.0708	3.57416	19.8047	
33.0516	-17.8054	-29.1778	20.7255	
-5.71414	-24.9503	9.8101	28.0793	
26.9975	-25.4312	-22.7451	28.7068	
-11.7143	-32.2916	16.1708	35.7325	
20.9336	-32.3582	-16.3421	35.8991	
-17.6301	-38.8027	22.4009	42.4598	
15.1003	-38.3097	-10.2224	42.0154	
-23.2245	-44.2248	28.2508	47.9937	
9.72897	-43.0478	-4.62883	46.8113	
-28.2735	-48.3425	33.4865	52.1144	
5.03313	-46.3829	0.216447	50.0949	
-32.5754	-50.9928	37.8989	54.659	
1.19978	-48.1812	4.12055	51.7344	
-35.9588	-52.0716	41.3125	55.5273	
-1.61803	-48.37	6.92772	51.6633	
-38.2895	-51.5373	43.5917	54.6863	
-3.30732	-46.9404	8.52553	49.8834	
-39.4755	-49.4129	44.6469	52.1712	
-3.79965	-43.9482	8.84931	46.4642	
-39.471	-45.785	44.4377	48.0842	
-3.07393	-39.5111	7.8848	41.5405	
-38.2782	-40.8003	42.9743	42.5902	
-1.15719	-33.8043	5.66867	35.307	
-35.9468	-34.6595	40.3175	35.9104	
1.87645	-27.0535	2.28709	28.0103	
-32.5726	-27.6097	36.5761	28.3133	
5.90872	-19.5258	-2.12767	19.9395	
-28.293	-19.9342	31.9023	20.104	
10.7819	-11.5193	-7.40257	11.414	
-23.282	-11.9414	26.4859	11.6122	
16.3052	-3.35088	-13.3306	2.77152	
-17.7431	-3.95231	20.5467	3.17872	
22.2621	4.65623	-19.6791	-5.64574	
-11.9011	3.71214	14.3254	-4.85769	
28.4191	12.1852	-26.1989	-13.5047	
-5.99299	10.7439	8.0745	-12.1742	
34.5353	18.9385	-32.6343	-20.4946	
-0.258792	16.8602	2.0476	-18.4767	
40.3714	24.6496	-38.7333	-26.3396	
5.06825	21.8147	-3.51027	-23.5115	
45.6995	29.0935	-44.2576	-30.8092	
9.77097	25.4075	-8.37263	-27.0754	
50.3126	32.0959	-48.992	-33.7282	
13.6569	27.4928	-12.3406	-29.0238	
54.0319	33.5398	-52.7529	-34.9831	
16.5661	27.985	-15.2507	-29.2767	
56.7148	33.3706	-55.3959	-34.5266	
18.3772	26.8623	-16.9817	-27.8217	
58.2598	31.5979	-56.821	-32.3798	
19.0129	24.1668	-17.4592	-24.7142	
58.6112	28.2951	-56.9772	-28.6311	
18.4424	20.0037	-16.6587	-20.0759	
57.7607	23.5967	-55.864	-23.4328	
16.683	14.5366	-14.6065	-14.0893	
55.7482	17.6927	-53.5314	-16.9948	
13.7994	7.98117	-11.3789	-6.99071	
52.6598	10.8211	-50.0784	-9.57638	
9.901	0.59644	-7.09904	0.939047	
48.6244	3.25839	-45.6482	-1.47583	
5.13788	-7.32543	-1.93197	9.38613	
43.8088	-4.69152	-40.4232	6.98148	
-0.305542	-15.4708	3.92187	18.016	
38.4106	-12.7094	-34.6175	15.4561	
-6.21766	-23.5171	10.2346	26.4867	
32.6508	-20.4734	-28.4679	23.6079	
-12.3681	-31.1457	16.76	34.4627	
26.7644	-27.672	-22.225	31.1101	
-18.517	-38.0545	23.2432	41.6282	
20.9915	-34.0163	-16.1429	37.6617	
-24.4242	-43.97	29.4311	47.6993	
15.5673	-39.2518	-10.4693	42.9997	
-29.8594	-48.6584	35.0822	52.4361	
10.7132	-43.1682	-5.43499	46.9098	
-34.6107	-51.9345	39.9761	55.6514	
6.62738	-45.6078	-1.24548	49.2347	
-38.4935	-53.6694	43.9225	57.2188	
3.47724	-46.4721	1.92784	49.8806	
-41.3574	-53.7955	46.7689	57.0775	
1.39268	-45.7257	3.95428	48.8205	
-43.0927	-52.3093	48.4061	55.2346	
0.460851	-43.3973	4.74912	46.0957	
-43.6343	-49.2714	48.7731	51.7648	
0.722679	-39.5789	4.27703	41.8141	
-42.9643	-44.804	47.8592	46.8076	
2.17125	-34.422	2.5534	36.1457	
-41.1132	-39.0863	45.7047	40.5618	
4.75206	-28.1316	-0.356169	29.3159	
-38.1581	-32.3471	42.3988	33.2772	
8.3652	-20.958	-4.33856	21.5965	
-34.2197	-24.8557	38.0764	25.2449	
12.8693	-13.1869	-9.23759	13.2948	
-29.4578	-16.9112	32.9127	16.7855	
18.0873	-5.12786	-14.8603	4.74167	
-24.0647	-8.83068	27.1161	8.23674	
23.8133	2.89805	-20.9845	-3.72216	
-18.2574	-0.936461	20.9198	-0.060577	
29.8208	10.5709	-27.3678	-11.7593	
-12.2691	6.45682	14.5727	-7.77568	
35.8719	17.5846	-33.7573	-19.0492	
-6.34	13.0546	8.32927	-14.6012	
41.7268	23.6596	-39.8994	-25.3012	
-0.707506	18.5944	2.43962	-20.2655	
47.1529	28.5532	-45.5501	-30.2657	
4.40313	22.8557	-2.86065	-24.5433	
51.9348	32.0702	-50.4849	-33.7446	
8.7878	25.6695	-7.35978	-27.2647	
55.8823	34.0699	-54.5073	-35.5987	
12.2717	26.9245	-10.8783	-28.3223	
58.8381	34.472	-57.4572	-35.7536	
14.7161	26.5716	-13.2761	-27.6748	
60.6844	33.2598	-59.2167	-34.2025	
16.0244	24.626	-14.4581	-25.3493	
61.3473	30.481	-59.7152	-31.0065	
16.1451	21.1666	-14.378	-21.4395	
60.7995	26.2454	-58.9322	-26.2921	
15.0747	16.3325	-13.0401	-16.1029	
59.0622	20.721	-56.8978	-20.2464	
12.8574	10.3178	-10.499	-9.55338	
56.2033	14.1269	-53.692	-13.1094	
9.58314	3.36383	-6.85777	-2.05363	
52.3355	6.72477	-49.4409	-5.16422	
5.38452	-4.25073	-2.26333	6.09589	
47.6112	-1.19148	-44.3123	3.27348	
0.431087	-12.2208	3.09904	14.5687	
42.2168	-9.30768	-38.5085	11.8688	
-5.07729	-20.227	9.01329	23.0255	
36.3652	-17.3018	-32.2588	20.2804	
-10.9185	-27.9486	15.2412	31.1276	
30.2873	-24.8567	-25.8097	28.1748	
-16.8569	-35.0762	21.5318	38.5505	
24.2228	-31.6728	-19.4155	35.2388	
-22.6528	-41.3242	27.6317	44.9966	
18.4106	-37.4803	-13.3283	41.1927	
-28.0723	-46.4418	33.2947	50.2074	
13.0794	-42.0494	-7.78762	45.8008	
-32.8961	-50.2235	38.292	53.9736	
8.43846	-45.1999	-3.01097	48.8814	
-36.9287	-52.517	42.4214	56.1436	
4.66952	-46.808	0.814658	50.3136	
-40.006	-53.2293	45.5149	56.6294	
1.91932	-46.8115	3.54035	50.0422	
-42.002	-52.3306	47.4461	55.41	
0.293928	-45.2124	5.06115	48.0799	
-42.8335	-49.855	48.1344	52.5326	
-0.145561	-42.0762	5.32024	44.5071	
-42.4639	-45.8998	47.5492	48.1105	
0.614626	-37.5298	4.31116	39.468	
-40.9044	-40.6213	45.7102	42.3183	
2.54039	-31.7565	2.07803	33.1653	
-38.2136	-34.2283	42.6874	35.3857	
5.55114	-24.9881	-1.28618	25.8523	
-34.4951	-26.9743	38.5977	27.5874	
9.52305	-17.4963	-5.64344	17.822	
-29.8935	-19.1469	33.6006	19.2329	
14.294	-9.58128	-10.8162	9.39636	
-24.5886	-11.0568	27.8918	10.6538	
19.67	-1.56023	-16.5943	0.912799	
-18.7884	-3.02507	21.6955	2.19064	
25.4332	6.24562	-22.7436	-7.289	
-12.7203	4.62956	15.255	-5.82054	
31.35	13.5237	-29.0154	-14.8807	
-6.62288	11.6033	8.82384	-13.0618	
37.1812	19.9826	-35.1559	-21.5584	
-0.735561	17.6195	2.65485	-19.2459	
42.691	25.3636	-40.917	-27.0547	
4.71037	22.4396	-3.00937	-24.1275	
47.6564	29.4513	-46.0655	-31.1495	
9.50119	25.8729	-7.94628	-27.5135	
51.8763	32.0817	-50.393	-33.6786	
13.4492	27.7836	-11.9623	-29.27	
55.1797	33.1491	-53.7241	-34.5405	
16.4002	28.0967	-14.9004	-29.3282	
57.4319	32.6103	-55.9229	-33.7	
18.2397	26.801	-16.6464	-27.687	
58.5407	30.4861	-56.8992	-31.19	
18.8972	23.949	-17.1336	-24.4127	
58.4593	26.8607	-56.6114	-27.1101	
18.3493	19.6553	-16.3452	-19.6369	
57.1887	21.8782	-55.0686	-21.6225	
16.6205	14.092	-14.3153	-13.5507	
54.7774	15.7367	-52.3301	-14.9455	
13.7822	7.48151	-11.127	-6.39748	
51.3196	8.68083	-48.5031	-7.34511	
9.94978	0.0879305	-6.90968	1.53702	
46.9514	0.991653	-43.7383	0.875983	
5.27805	-7.79353	-1.83339	9.93605	
41.8454	-7.0245	-38.2238	9.39021	
-0.0448594	-15.8483	3.89774	18.4644	
36.2037	-15.0482	-32.1781	17.8583	
-5.80512	-23.7552	10.0537	26.782	
30.25	-22.7596	-25.8408	25.9427	
-11.7717	-31.1989	16.3878	34.5572	
24.2205	-29.8514	-19.4634	33.3212	
-17.7056	-37.8828	22.6465	41.4801	
18.3547	-36.0408	-13.299	39.6996	
-23.3693	-43.5406	28.5795	47.275	
12.8857	-41.081	-7.59269	44.8237	
-28.5363	-47.9471	33.9496	51.7112	
8.03097	-44.7711	-2.57114	48.489	
-33.0002	-50.9272	38.5424	54.6124	
3.9837	-46.9636	1.56593	50.5493	
-36.5828	-52.3625	42.1748	55.8635	
0.904992	-47.571	4.65391	50.9222	
-39.1413	-52.1967	44.7019	55.4153	
-1.08246	-46.5687	6.56987	49.5926	
-40.5738	-50.4369	46.0235	53.2864	
-1.89928	-43.9964	7.2374	46.613	
-40.8238	-47.1543	46.0873	49.5625	
-1.5126	-39.9561	6.62969	42.102	
-39.8818	-42.4805	44.8915	44.393	
0.0626695	-34.6085	4.77059	36.2388	
-37.7861	-36.6028	42.4847	37.985	
2.76439	-28.166	1.73367	29.2566	
-34.6214	-29.7565	38.964	30.5948	
6.48572	-20.8849	-2.36076	21.433	
-30.5148	-22.2155	34.4709	22.5181	
11.0793	-13.0547	-7.35038	13.0792	
-25.6314	-14.2814	29.1859	14.0778	
16.3633	-4.9866	-13.0374	4.52725	
-20.1673	-6.27166	23.3213	5.6114	
22.1284	2.99864	-19.1963	-3.88274	
-14.3418	1.49353	17.1124	-2.5425	
28.1463	10.5837	-25.5831	-11.8165	
-8.38869	8.70355	10.8085	-10.0579	
34.1788	17.4672	-31.9447	-18.9589	
-2.54714	15.07	4.66275	-16.6341	
39.9872	23.376	-38.0292	-25.0264	
2.94818	20.338	-1.07791	-22.0081	
45.342	28.0757	-43.596	-29.7782	
7.87634	24.2966	-6.18268	-25.9646	
50.0319	31.3802	-48.4252	-33.0263	
12.0389	26.7871	-10.446	-28.345	
53.8721	33.159	-52.3264	-34.6424	
15.268	27.7093	-13.6958	-29.0535	
56.7119	33.3427	-55.1464	-34.5635	
17.4327	27.0255	-15.8004	-28.0609	
58.4406	31.9252	-56.7751	-32.7941	
18.4448	24.7619	-16.6737	-25.4059	
58.9916	28.9644	-57.1499	-29.4061	
18.2616	21.008	-16.2786	-21.1934	
58.3458	24.5796	-56.2585	-24.536	
16.8884	15.9125	-14.6287	-15.5905	
56.5313	18.9469	-54.1388	-18.379	
14.3777	9.67754	-11.7874	-8.81964	
53.6232	12.2923	-50.8779	-11.1821	
10.8273	2.55084	-7.86567	-1.14977	
49.74	4.88209	-46.6084	-3.2332	
6.3766	-5.18443	-3.01749	7.11424	
45.0392	-2.98706	-41.5029	5.14949	
1.20074	-13.2208	2.56619	15.6438	
39.7107	-11.0003	-35.7674	13.6307	
-4.4962	-21.2389	8.66513	24.0999	
33.9697	-18.8373	-29.6332	21.8715	
-10.4894	-28.92	15.0386	32.1464	
28.0473	-26.1846	-23.3472	29.5422	
-16.5421	-35.9588	21.4348	39.4634	
22.1822	-32.7485	-17.1621	36.3363	
-22.4153	-42.0757	27.6012	45.7603	
16.6104	-38.2666	-11.3269	41.9822	
-27.8772	-47.0278	33.2942	50.7869	
11.5565	-42.5181	-6.07627	46.2542	
-32.7121	-50.6186	38.2893	54.3438	
7.22394	-45.3331	-1.62161	48.9813	
-36.7295	-52.7059	42.3895	56.2901	
3.78757	-46.5988	1.85757	50.0544	
-39.7712	-53.2073	45.4336	56.5492	
1.38632	-46.2642	4.22073	49.4302	
-41.7182	-52.1036	47.3024	55.1115	
0.117744	-44.3423	5.37197	47.1332	
-42.4947	-49.4397	47.9235	52.0352	
0.0341471	-40.9095	5.26376	43.2548	
-42.0716	-45.3224	47.2741	47.4436	
1.14047	-36.1023	3.89893	37.9492	
-40.4676	-39.9166	45.382	41.5204	
3.39412	-30.1122	1.33051	31.4278	
-37.7482	-33.4383	42.3243	34.5023	
6.70663	-23.1776	-2.3404	23.9504	
-34.0235	-26.1462	38.2247	26.6696	
10.9472	-15.575	-6.96862	15.8148	
-29.4432	-18.3314	33.248	18.3349	
15.9481	-7.60726	-12.3707	7.34535	
-24.1913	-10.3058	27.5941	9.8307	
21.5109	0.408109	-18.3323	-1.12056	
-18.4782	-2.38937	21.4895	1.49626	
27.4148	8.15163	-24.6166	-9.24545	
-12.5327	5.10211	15.1786	-6.33611	
33.4254	15.3147	-30.9738	-16.7055	
-6.59248	11.8701	8.91398	-13.3542	
39.3038	21.6117	-37.1512	-23.2034	
-0.895049	17.6448	2.94605	-19.2784	
44.8162	26.7917	-42.9029	-28.48	
4.33202	22.1962	-2.48669	-23.8727	
49.7436	30.6482	-48.0003	-32.3252	
8.88004	25.3434	-7.16729	-26.9544	
53.8899	33.0275	-52.2405	-34.5855	
12.5676	26.9611	-10.9089	-28.4009	
57.0903	33.8346	-55.4546	-35.1709	
15.2477	26.9854	-13.5623	-28.1552	
59.2172	33.0373	-57.5147	-34.058	
16.8136	25.4158	-15.0219	-26.2275	
60.1862	30.6672	-58.3388	-31.291	
17.2033	22.3155	-15.2295	-22.6952	
59.9586	26.8187	-57.8938	-26.98	
16.4017	17.8087	-14.1774	-17.7	
58.5434	21.645	-56.1974	-21.2966	
14.4413	12.0758	-11.9079	-11.4414	
55.9968	15.3519	-53.3169	-14.4673	
11.401	5.34585	-8.51207	-4.16981	
52.4199	8.19008	-49.3666	-6.76377	
