1	1	2	2	
1.095	1.0951	2.1	1.9951	
1.18154	1.18042	2.0536	1.9804	
1.2548	1.25252	2.14053	1.9559	
1.3217	1.31458	2.08107	1.9216	
1.37294	1.36078	2.15493	1.8775	
1.42019	1.39715	2.0824	1.8236	
1.44994	1.41555	2.1432	1.7599	
1.47836	1.42485	2.0576	1.6864	
1.48798	1.41466	2.10533	1.6031	
1.49919	1.3966	2.00667	1.51	
1.4908	1.35812	2.04133	1.4071	
1.48712	1.31354	1.9296	1.2944	
1.46354	1.24819	1.9512	1.1719	
1.44793	1.17901	1.8264	1.0396	
1.41253	1.08925	1.83493	0.8975	
1.38845	0.998383	1.69707	0.7456	
1.34505	0.887628	1.69253	0.5839	
1.31634	0.778874	1.5416	0.4124	
1.26906	0.651365	1.524	0.2311	
1.23974	0.529252	1.36	0.04	
1.19283	0.389872	1.32933	-0.1609	
1.16699	0.259482	1.15227	-0.3716	
1.12465	0.113568	1.10853	-0.5921	
1.10625	-0.0196709	0.9184	-0.8224	
1.0725	-0.166538	0.8616	-1.0625	
1.06522	-0.297068	0.6584	-1.3124	
1.0437	-0.439287	0.588533	-1.5721	
1.0508	-0.561642	0.372267	-1.8416	
1.04467	-0.693813	0.289333	-2.1209	
1.06882	-0.80284	0.06	-2.41	
1.0806	-0.919979	-0.036	-2.7089	
1.12383	-1.01104	-0.2784	-3.0176	
1.15534	-1.10878	-0.387467	-3.3361	
1.21889	-1.17795	-0.642933	-3.6644	
1.27115	-1.25269	-0.765067	-4.0025	
1.35548	-1.29691	-1.0336	-4.3504	
1.42867	-1.346	-1.1688	-4.7081	
1.5334	-1.36317	-1.4504	-5.0756	
1.62688	-1.38498	-1.59867	-5.4529	
1.75082	-1.3741	-1.89333	-5.84	
1.86315	-1.36811	-2.05467	-6.2369	
2.00431	-1.32928	-2.3624	-6.6436	
2.13331	-1.29606	-2.5368	-7.0601	
2.28903	-1.23048	-2.8576	-7.4864	
2.43186	-1.17171	-3.04507	-7.9225	
2.59888	-1.08165	-3.37893	-8.3684	
2.75216	-1.00003	-3.57947	-8.8241	
2.92675	-0.888736	-3.9264	-9.2896	
3.08671	-0.78787	-4.14	-9.7649	
3.26483	-0.659428	-4.5	-10.25	
3.42744	-0.543699	-4.72667	-10.7449	
3.60489	-0.402875	-5.09973	-11.2496	
3.76605	-0.277251	-5.33947	-11.7641	
3.93862	-0.129307	-5.7256	-12.2884	
4.09429	0.00084688	-5.9784	-12.8225	
4.25797	0.150366	-6.3776	-13.3664	
4.40438	0.279509	-6.64347	-13.9201	
4.55546	0.424992	-7.05573	-14.4836	
4.68921	0.547627	-7.33467	-15.0569	
4.82448	0.68362	-7.76	-15.64	
4.94272	0.794516	-8.052	-16.2329	
5.05956	0.91594	-8.4904	-16.8356	
5.16008	1.01034	-8.79547	-17.4481	
5.25657	1.11269	-9.24693	-18.0704	
5.33791	1.1865	-9.56507	-18.7025	
5.41292	1.26603	-10.0296	-19.3444	
5.4744	1.31598	-10.3608	-19.9961	
5.52762	1.36984	-10.8384	-20.6576	
5.5694	1.39364	-11.1827	-21.3289	
5.60136	1.41999	-11.6733	-22.01	
5.6244	1.41639	-12.0307	-22.7009	
5.63643	1.41448	-12.5344	-23.4016	
5.64249	1.38333	-12.9048	-24.1121	
5.6367	1.35354	-13.4216	-24.8324	
5.62825	1.29579	-13.8051	-25.5625	
5.6074	1.23959	-14.3349	-26.3024	
5.58752	1.15728	-14.7315	-27.0521	
5.55496	1.07717	-15.2744	-27.8116	
5.5272	0.973338	-15.684	-28.5809	
5.4867	0.872771	-16.24	-29.36	
5.45499	0.751302	-16.6627	-30.1489	
5.41059	0.63453	-17.2317	-30.9476	
5.37905	0.50004	-17.6675	-31.7561	
5.33492	0.371944	-18.2496	-32.5744	
5.30768	0.229579	-18.6984	-33.4025	
5.26795	0.0954782	-19.2936	-34.2404	
5.24902	-0.0492886	-19.7555	-35.0881	
5.21759	-0.183852	-20.3637	-35.9456	
5.21067	-0.325437	-20.8387	-36.8129	
5.1911	-0.454917	-21.46	-37.69	
5.19944	-0.587849	-21.948	-38.5769	
5.19476	-0.706919	-22.5824	-39.4736	
5.22105	-0.826057	-23.0835	-40.3801	
5.23368	-0.929823	-23.7309	-41.2964	
5.27992	-1.03056	-24.2451	-42.2225	
5.31155	-1.11475	-24.9056	-43.1584	
5.37898	-1.19321	-25.4328	-44.1041	
5.43051	-1.25435	-26.1064	-45.0596	
5.51953	-1.3075	-26.6467	-46.0249	
5.59105	-1.34306	-27.3333	-47	
5.70126	-1.36889	-27.8867	-47.9849	
5.79202	-1.37736	-28.5864	-48.9796	
5.92219	-1.37493	-29.1528	-49.9841	
6.03066	-1.3559	-29.8656	-50.9984	
6.17878	-1.32538	-30.4451	-52.0225	
6.30269	-1.27956	-31.1709	-53.0564	
6.46606	-1.22221	-31.7635	-54.1001	
6.60251	-1.15138	-32.5024	-55.1536	
6.77786	-1.06953	-33.108	-56.2169	
6.92342	-0.976488	-33.86	-57.29	
7.10702	-0.873432	-34.4787	-58.3729	
7.25788	-0.761878	-35.2437	-59.4656	
7.44568	-0.641735	-35.8755	-60.5681	
7.5978	-0.516112	-36.6536	-61.6804	
7.7856	-0.383672	-37.2984	-62.8025	
7.9349	-0.248999	-38.0896	-63.9344	
8.11851	-0.109528	-38.7475	-65.0761	
8.26097	0.0288035	-39.5517	-66.2276	
8.43641	0.169771	-40.2227	-67.3889	
8.56829	0.306213	-41.04	-68.56	
8.73188	0.443094	-41.724	-69.7409	
8.84986	0.572165	-42.5544	-70.9316	
8.99843	0.699552	-43.2515	-72.1321	
9.09972	0.816053	-44.0949	-73.3424	
9.23069	0.928927	-44.8051	-74.5625	
9.31317	1.02815	-45.6616	-75.7924	
9.42467	1.12208	-46.3848	-77.0321	
9.48697	1.20001	-47.2544	-78.2816	
9.57792	1.27133	-47.9907	-79.5409	
9.61945	1.32477	-48.8733	-80.81	
9.68957	1.37072	-49.6227	-82.0889	
9.7106	1.39747	-50.5184	-83.3776	
9.76047	1.41631	-51.2808	-84.6761	
9.76206	1.4152	-52.1896	-85.9844	
9.79303	1.40628	-52.9651	-87.3025	
9.77704	1.37728	-53.8869	-88.6304	
9.79124	1.34106	-54.6755	-89.9681	
9.76022	1.28521	-55.6104	-91.3156	
9.76042	1.22324	-56.412	-92.6729	
9.71754	1.14267	-57.36	-94.04	
9.70707	1.05753	-58.1747	-95.4169	
9.65596	0.955357	-59.1357	-96.8036	
9.63858	0.850554	-59.9635	-98.2001	
9.58322	0.730732	-60.9376	-99.6064	
9.56293	0.610558	-61.7784	-101.022	
9.50749	0.477759	-62.7656	-102.448	
9.48839	0.347119	-63.6195	-103.884	
9.43705	0.206526	-64.6197	-105.33	
9.4232	0.0707414	-65.4867	-106.785	
9.37998	-0.0721502	-66.5	-108.25	
9.3752	-0.207554	-67.38	-109.725	
9.34382	-0.347158	-68.4064	-111.21	
9.35156	-0.476675	-69.2995	-112.704	
9.33529	-0.607533	-70.3389	-114.208	
9.35848	-0.725893	-71.2451	-115.722	
9.35999	-0.842895	-72.2976	-117.246	
9.40093	-0.945278	-73.2168	-118.78	
9.4222	-1.04386	-74.2824	-120.324	
9.48245	-1.12609	-75.2147	-121.877	
9.52472	-1.20243	-76.2933	-123.44	
9.60506	-1.26113	-77.2387	-125.013	
9.66872	-1.31227	-78.3304	-126.596	
9.7691	-1.34502	-79.2888	-128.188	
9.85373	-1.36901	-80.3936	-129.79	
9.97329	-1.37442	-81.3651	-131.402	
10.0776	-1.3704	-82.4829	-133.024	
10.2147	-1.34818	-83.4675	-134.656	
10.3368	-1.31638	-84.5984	-136.298	
10.489	-1.26735	-85.596	-137.949	
10.6261	-1.20911	-86.74	-139.61	
10.7905	-1.13517	-87.7507	-141.281	
10.9394	-1.05287	-88.9077	-142.962	
11.1124	-0.956908	-89.9315	-144.652	
11.2694	-0.853889	-91.1016	-146.352	
11.4471	-0.739692	-92.1384	-148.062	
11.6081	-0.620104	-93.3216	-149.782	
11.7866	-0.492189	-94.3715	-151.512	
11.9475	-0.360833	-95.5677	-153.252	
12.1225	-0.224273	-96.6307	-155.001	
12.2792	-0.086413	-97.84	-156.76	
12.4467	0.0533666	-98.916	-158.529	
12.5952	0.19222	-100.138	-160.308	
12.7515	0.329655	-101.227	-162.096	
12.8883	0.463961	-102.463	-163.894	
13.0301	0.593574	-103.565	-165.702	
13.1521	0.717983	-104.814	-167.52	
13.2765	0.834597	-105.929	-169.348	
13.3813	0.944167	-107.19	-171.186	
13.4863	1.04311	-108.319	-173.033	
13.572	1.1335	-109.593	-174.89	
13.6563	1.21081	-110.735	-176.757	
13.7219	1.27845	-112.022	-178.634	
13.785	1.331	-113.177	-180.52	
13.8304	1.37325	-114.478	-182.416	
13.8725	1.3989	-115.645	-184.322	
13.8984	1.41413	-116.959	-186.238	
13.9205	1.41179	-118.139	-188.164	
13.9283	1.39947	-119.466	-190.1	
13.9325	1.36918	-120.66	-192.045	
13.9245	1.32986	-122	-194	
13.9133	1.27275	-123.207	-195.965	
13.8921	1.2081	-124.56	-197.94	
13.8687	1.12636	-125.779	-199.924	
13.8379	1.03906	-127.146	-201.918	
13.806	0.935846	-128.378	-203.922	
13.7692	0.829469	-129.758	-205.936	
13.7327	0.708801	-131.003	-207.96	
13.6941	0.587709	-132.396	-209.994	
13.6572	0.454278	-133.655	-212.037	
13.6208	0.323422	-135.06	-214.09	
13.5877	0.182426	-136.332	-216.153	
13.5575	0.0471514	-137.75	-218.226	
13.5322	-0.0959214	-139.035	-220.308	
13.5121	-0.230083	-140.467	-222.4	
13.4981	-0.369669	-141.765	-224.502	
13.4915	-0.497225	-143.21	-226.614	
13.4922	-0.627907	-144.521	-228.736	
13.5018	-0.743623	-145.978	-230.868	
13.5198	-0.860346	-147.303	-233.009	
13.548	-0.959453	-148.773	-235.16	
13.5852	-1.05773	-150.111	-237.321	
13.6333	-1.13611	-151.594	-239.492	
13.691	-1.21219	-152.945	-241.672	
13.7598	-1.26656	-154.442	-243.862	
13.8382	-1.31758	-155.805	-246.062	
13.9276	-1.3456	-157.315	-248.272	
14.0262	-1.3697	-158.691	-250.492	
14.1352	-1.37008	-160.214	-252.722	
14.2528	-1.3665	-161.604	-254.961	
14.3797	-1.33904	-163.14	-257.21	
14.5142	-1.3081	-164.543	-259.469	
14.6565	-1.25372	-166.092	-261.738	
14.8052	-1.19684	-167.507	-264.016	
14.9599	-1.11752	-169.07	-266.304	
15.1196	-1.03717	-170.498	-268.603	
15.283	-0.935881	-172.074	-270.91	
15.45	-0.835453	-173.515	-273.228	
15.6182	-0.716051	-175.104	-275.556	
15.7885	-0.599745	-176.559	-277.893	
15.9575	-0.466797	-178.16	-280.24	
16.1269	-0.339446	-179.628	-282.597	
16.2925	-0.198059	-181.242	-284.964	
16.4569	-0.0649364	-182.723	-287.34	
16.6151	0.0794464	-184.351	-289.726	
16.7708	0.212839	-185.845	-292.123	
16.9177	0.354654	-187.486	-294.528	
17.0611	0.482806	-188.993	-296.944	
17.1936	0.616592	-190.646	-299.37	
17.3218	0.734203	-192.167	-301.805	
17.437	0.854819	-193.833	-304.25	
17.5475	0.957012	-195.367	-306.705	
17.6434	1.05984	-197.046	-309.17	
17.7346	1.14235	-198.593	-311.644	
17.8099	1.22348	-200.286	-314.128	
17.8809	1.28285	-201.845	-316.623	
17.9351	1.33923	-203.551	-319.126	
17.9859	1.3729	-205.123	-321.64	
18.0193	1.40247	-206.842	-324.164	
18.0506	1.40892	-208.428	-326.697	
18.0644	1.41069	-210.16	-329.24	
18.0777	1.3895	-211.759	-331.793	
18.0738	1.36356	-213.504	-334.356	
18.0715	1.31541	-215.115	-336.928	
18.0524	1.26297	-216.874	-339.51	
18.0374	1.18961	-218.498	-342.103	
18.0064	1.11293	-220.27	-344.704	
17.982	1.01714	-221.907	-347.316	
17.9428	0.919437	-223.692	-349.938	
17.913	0.80487	-225.343	-352.569	
17.8694	0.690196	-227.14	-355.21	
17.8382	0.561277	-228.804	-357.861	
17.7944	0.434352	-230.614	-360.522	
17.7659	0.296079	-232.291	-363.192	
17.7261	0.162105	-234.115	-365.872	
17.7044	0.0198544	-235.805	-368.563	
17.6724	-0.115692	-237.642	-371.262	
17.6612	-0.256381	-239.345	-373.972	
17.6407	-0.387966	-241.194	-376.692	
17.6435	-0.52161	-242.911	-379.421	
17.6376	-0.643867	-244.773	-382.16	
17.6571	-0.765258	-246.503	-384.909	
17.6684	-0.873199	-248.378	-387.668	
17.7068	-0.977611	-250.121	-390.436	
17.7371	-1.06682	-252.01	-393.214	
17.7959	-1.1502	-253.765	-396.003	
17.8462	-1.21703	-255.667	-398.8	
17.9261	-1.27616	-257.435	-401.608	
17.9967	-1.31785	-259.35	-404.426	
18.0974	-1.35045	-261.132	-407.253	
18.1878	-1.36525	-263.06	-410.09	
18.3083	-1.37013	-264.855	-412.937	
18.4172	-1.35738	-266.796	-415.794	
18.5557	-1.33442	-268.603	-418.66	
18.6808	-1.29454	-270.558	-421.536	
18.8349	-1.24473	-272.378	-424.423	
18.9736	-1.17925	-274.346	-427.318	
19.1401	-1.10466	-276.179	-430.224	
19.289	-1.01613	-278.16	-433.14	
19.4644	-0.919784	-280.007	-436.065	
19.6197	-0.811685	-282	-439	
19.8001	-0.697482	-283.86	-441.945	
19.9579	-0.57407	-285.866	-444.9	
20.1391	-0.446616	-287.739	-447.864	
20.2953	-0.312768	-289.759	-450.838	
20.4731	-0.177189	-291.645	-453.823	
20.6236	-0.0382021	-293.678	-456.816	
20.7942	0.100058	-295.577	-459.82	
20.9351	0.238677	-297.622	-462.834	
21.0947	0.374073	-299.535	-465.857	
21.2227	0.506828	-301.593	-468.89	
21.3679	0.633935	-303.519	-471.933	
21.48	0.75556	-305.59	-474.986	
21.6083	0.869289	-307.529	-478.048	
21.7022	0.974956	-309.614	-481.12	
21.8115	1.07076	-311.565	-484.203	
21.8856	1.15627	-313.663	-487.294	
21.9746	1.23031	-315.627	-490.396	
22.0281	1.29228	-317.738	-493.508	
22.0965	1.34161	-319.716	-496.629	
22.1295	1.37757	-321.84	-499.76	
22.1776	1.4002	-323.831	-502.901	
22.1908	1.40874	-325.968	-506.052	
22.2199	1.40378	-327.971	-509.212	
22.2149	1.38456	-330.122	-512.382	
22.2269	1.3522	-332.138	-515.563	
22.2062	1.30599	-334.302	-518.752	
22.2037	1.24753	-336.331	-521.952	
22.1702	1.17617	-338.508	-525.162	
22.1564	1.09395	-340.551	-528.381	
22.1136	1.00029	-342.74	-531.61	
22.0922	0.897588	-344.796	-534.849	
22.044	0.785361	-346.998	-538.098	
22.0189	0.666282	-349.067	-541.356	
21.9694	0.539958	-351.283	-544.624	
21.9448	0.409256	-353.365	-547.903	
21.8981	0.273868	-355.594	-551.19	
21.8779	0.136762	-357.689	-554.488	
21.8381	-0.00229836	-359.93	-557.796	
21.8263	-0.140335	-362.039	-561.113	
21.7971	-0.27753	-364.293	-564.44	
21.7973	-0.410987	-366.415	-567.777	
21.782	-0.540854	-368.682	-571.124	
21.7972	-0.664407	-370.817	-574.48	
21.7987	-0.781773	-373.098	-577.846	
21.8314	-0.890493	-375.245	-581.223	
21.8517	-0.990686	-377.539	-584.608	
21.9036	-1.08024	-379.699	-588.004	
21.9443	-1.15927	-382.006	-591.41	
22.0164	-1.22608	-384.18	-594.825	
22.0779	-1.2808	-386.5	-598.25	
22.1704	-1.32221	-388.687	-601.685	
22.2526	-1.35044	-391.02	-605.13	
22.3648	-1.36481	-393.219	-608.584	
22.4666	-1.36543	-395.566	-612.048	
22.597	-1.35219	-397.778	-615.523	
22.7166	-1.32516	-400.138	-619.006	
22.8631	-1.28485	-402.363	-622.5	
22.998	-1.23126	-404.736	-626.004	
23.1577	-1.1655	-406.975	-629.517	
23.3047	-1.08746	-409.36	-633.04	
23.4743	-0.998891	-411.612	-636.573	
23.6299	-0.899518	-414.01	-640.116	
23.8055	-0.791683	-416.275	-643.668	
23.9658	-0.674916	-418.687	-647.23	
24.1435	-0.552141	-420.965	-650.803	
24.3043	-0.422615	-423.39	-654.384	
24.4799	-0.289822	-425.681	-657.976	
24.6372	-0.152677	-428.118	-661.578	
24.8067	-0.0151869	-430.423	-665.189	
24.9564	0.124138	-432.873	-668.81	
25.116	0.26081	-435.191	-672.441	
25.2546	0.396794	-437.654	-676.082	
25.4008	0.527165	-439.985	-679.732	
25.525	0.654424	-442.462	-683.392	
25.655	0.773258	-444.805	-687.063	
25.7622	0.886761	-447.295	-690.742	
25.8737	0.989277	-449.651	-694.432	
25.9621	1.08455	-452.154	-698.132	
26.0534	1.16661	-454.524	-701.841	
26.1218	1.23991	-457.04	-705.56	
26.1924	1.2982	-459.423	-709.289	
26.2403	1.34665	-461.952	-713.028	
26.2902	1.3788	-464.347	-716.776	
26.3182	1.40054	-466.89	-720.534	
26.3482	1.40519	-469.298	-724.303	
26.3576	1.39942	-471.854	-728.08	
26.3695	1.37634	-474.275	-731.868	
26.3622	1.34336	-476.844	-735.666	
26.3584	1.29339	-479.279	-739.473	
26.3372	1.2346	-481.86	-743.29	
26.3206	1.15967	-484.308	-747.117	
26.2887	1.07748	-486.902	-750.954	
26.2628	0.9805	-489.363	-754.8	
26.224	0.878272	-491.971	-758.656	
26.1928	0.763033	-494.445	-762.523	
26.1509	0.644932	-497.066	-766.398	
26.1184	0.515942	-499.553	-770.284	
26.0776	0.386766	-502.186	-774.18	
26.048	0.249078	-504.687	-778.085	
26.0123	0.114071	-507.333	-782	
25.9896	-0.0269167	-509.847	-785.925	
25.9629	-0.162277	-512.506	-789.86	
25.9507	-0.301041	-515.033	-793.804	
25.9365	-0.431259	-517.706	-797.758	
25.9383	-0.562369	-520.245	-801.723	
25.9396	-0.682152	-522.931	-805.696	
25.958	-0.800484	-525.483	-809.68	
25.9772	-0.904953	-528.182	-813.674	
26.0143	-1.0059	-530.748	-817.677	
26.0531	-1.09078	-533.46	-821.69	
26.1103	-1.17043	-536.039	-825.713	
26.1695	-1.23224	-538.764	-829.746	
26.2473	-1.28752	-541.355	-833.788	
26.3271	-1.32368	-544.094	-837.84	
26.4252	-1.35252	-546.698	-841.903	
26.5248	-1.36147	-549.45	-845.974	
26.6421	-1.36283	-552.067	-850.056	
26.76	-1.34411	-554.832	-854.148	
26.8946	-1.31807	-557.463	-858.249	
27.0286	-1.2723	-560.24	-862.36	
27.1779	-1.22001	-562.884	-866.481	
27.3251	-1.1489	-565.674	-870.612	
27.4861	-1.07257	-568.331	-874.752	
27.643	-0.978851	-571.135	-878.902	
27.812	-0.881651	-573.805	-883.063	
27.9748	-0.768925	-576.622	-887.232	
28.1479	-0.654858	-579.305	-891.412	
28.3126	-0.527501	-582.134	-895.602	
28.4857	-0.401239	-584.831	-899.801	
28.6482	-0.264206	-587.673	-904.01	
28.8172	-0.130911	-590.383	-908.229	
28.9735	0.0104591	-593.238	-912.458	
29.1345	0.145348	-595.961	-916.696	
29.2807	0.285543	-598.83	-920.944	
29.4301	0.416524	-601.565	-925.203	
29.5628	0.550079	-604.447	-929.47	
29.6975	0.671805	-607.195	-933.748	
29.814	0.793522	-610.09	-938.036	
29.9315	0.901018	-612.852	-942.333	
30.0293	1.00617	-615.76	-946.64	
30.1278	1.09503	-618.535	-950.957	
30.2056	1.17955	-621.456	-955.284	
30.2839	1.2461	-624.243	-959.62	
30.3411	1.30675	-627.178	-963.966	
30.399	1.34823	-629.978	-968.323	
30.4355	1.38271	-632.926	-972.688	
30.4736	1.39735	-635.739	-977.064	
30.4905	1.4044	-638.7	-981.45	
30.51	1.3915	-641.527	-985.845	
30.5091	1.37097	-644.5	-990.25	
30.5122	1.33093	-647.34	-994.665	
30.4957	1.28376	-650.326	-999.09	
30.4852	1.21805	-653.179	-1003.52	
30.4563	1.14624	-656.179	-1007.97	
30.4354	1.05739	-659.045	-1012.42	
30.3976	0.963914	-662.058	-1016.89	
30.3701	0.855349	-664.937	-1021.36	
30.3273	0.744047	-667.962	-1025.84	
30.2971	0.619989	-670.855	-1030.34	
30.2534	0.49541	-673.893	-1034.84	
30.2246	0.360699	-676.799	-1039.35	
30.1841	0.227919	-679.85	-1043.88	
30.1608	0.0878224	-682.769	-1048.41	
30.1274	-0.0477629	-685.834	-1052.95	
30.1135	-0.187761	-688.765	-1057.5	
30.0908	-0.320644	-691.843	-1062.06	
30.0898	-0.455061	-694.787	-1066.64	
30.0812	-0.579847	-697.878	-1071.22	
30.096	-0.703422	-700.836	-1075.81	
30.104	-0.815042	-703.94	-1080.41	
30.1369	-0.922944	-706.911	-1085.02	
30.1637	-1.01686	-710.028	-1089.64	
30.2164	-1.10488	-713.011	-1094.27	
30.2631	-1.17725	-716.142	-1098.91	
30.3364	-1.24197	-719.138	-1103.56	
30.4036	-1.28984	-722.282	-1108.22	
30.4975	-1.32877	-725.291	-1112.89	
30.5847	-1.35014	-728.448	-1117.57	
30.6985	-1.36181	-731.471	-1122.26	
30.8045	-1.35575	-734.64	-1126.96	
30.9365	-1.33979	-737.676	-1131.67	
31.0595	-1.30647	-740.858	-1136.39	
31.2075	-1.26358	-743.907	-1141.12	
31.3448	-1.20426	-747.103	-1145.85	
31.5059	-1.13624	-750.165	-1150.6	
31.6543	-1.05321	-753.374	-1155.36	
31.8249	-0.962837	-756.449	-1160.13	
31.9808	-0.859342	-759.67	-1164.91	
32.1573	-0.7503	-762.759	-1169.69	
32.3167	-0.630401	-765.993	-1174.49	
32.4949	-0.507101	-769.095	-1179.3	
32.6538	-0.375515	-772.342	-1184.11	
32.8295	-0.24294	-775.457	-1188.94	
32.9839	-0.104853	-778.718	-1193.78	
33.1532	0.0316515	-781.845	-1198.62	
33.2991	0.170794	-785.119	-1203.48	
33.4583	0.305725	-788.259	-1208.34	
33.5921	0.440434	-791.546	-1213.22	
33.7378	0.568356	-794.7	-1218.1	
33.8566	0.693316	-798	-1223	
33.9859	0.809076	-801.167	-1227.9	
34.0871	0.919361	-804.48	-1232.82	
34.198	1.01829	-807.659	-1237.74	
34.2799	1.10956	-810.986	-1242.68	
34.3709	1.18767	-814.178	-1247.62	
34.4324	1.25633	-817.518	-1252.58	
34.5029	1.31046	-820.723	-1257.54	
34.5439	1.35383	-824.076	-1262.51	
34.5941	1.38178	-827.295	-1267.5	
34.6152	1.39818	-830.66	-1272.49	
34.6461	1.39879	-833.892	-1277.49	
34.6487	1.38761	-837.27	-1282.51	
34.6621	1.36082	-840.515	-1287.53	
34.6483	1.32256	-843.907	-1292.56	
34.6467	1.26939	-847.165	-1297.6	
34.6194	1.20562	-850.57	-1302.65	
34.6058	1.12816	-853.841	-1307.72	
34.5683	1.04146	-857.258	-1312.79	
34.5463	0.942755	-860.543	-1317.87	
34.5023	0.836632	-863.973	-1322.96	
34.4758	0.720582	-867.271	-1328.06	
34.4294	0.599308	-870.714	-1333.17	
34.4024	0.470502	-874.025	-1338.29	
34.3578	0.338953	-877.482	-1343.42	
34.3344	0.202487	-880.805	-1348.56	
34.2954	0.0659485	-884.275	-1353.71	
34.2795	-0.0727739	-887.611	-1358.87	
34.2502	-0.208819	-891.094	-1364.04	
34.2455	-0.344307	-894.444	-1369.22	
34.229	-0.474397	-897.94	-1374.41	
34.2387	-0.601287	-901.303	-1379.61	
34.2382	-0.720197	-904.812	-1384.82	
34.2648	-0.833472	-908.187	-1390.04	
34.2825	-0.936422	-911.71	-1395.26	
34.3279	-1.03161	-915.098	-1400.5	
34.3654	-1.11446	-918.634	-1405.75	
34.4309	-1.1878	-922.035	-1411.01	
34.4889	-1.24721	-925.584	-1416.28	
34.5749	-1.29583	-928.999	-1421.55	
34.6533	-1.32939	-932.56	-1426.84	
34.7593	-1.35139	-935.988	-1432.14	
34.8574	-1.35773	-939.562	-1437.44	
34.9821	-1.35229	-943.003	-1442.76	
35.0983	-1.33111	-946.591	-1448.09	
35.2396	-1.29848	-950.045	-1453.42	
35.3715	-1.25059	-953.646	-1458.77	
35.5269	-1.19212	-957.113	-1464.12	
35.6715	-1.11939	-960.726	-1469.49	
35.8377	-1.03747	-964.207	-1474.86	
35.9916	-0.942755	-967.833	-1480.25	
36.165	-0.840692	-971.327	-1485.64	
36.3243	-0.727721	-974.966	-1491.05	
36.5009	-0.609637	-978.473	-1496.46	
36.6616	-0.482869	-982.126	-1501.89	
36.8372	-0.353524	-985.645	-1507.32	
36.9952	-0.217964	-989.311	-1512.77	
37.1659	-0.0825662	-992.843	-1518.22	
37.3172	0.0564316	-996.522	-1523.68	
37.4791	0.19243	-1000.07	-1529.16	
37.62	0.329378	-1003.76	-1534.64	
37.7696	0.460501	-1007.32	-1540.13	
37.8968	0.589994	-1011.02	-1545.64	
38.031	0.71096	-1014.6	-1551.15	
38.1419	0.827894	-1018.31	-1556.67	
38.2583	0.933822	-1021.9	-1562.2	
38.3506	1.0336	-1025.63	-1567.74	
38.4475	1.12021	-1029.23	-1573.3	
38.52	1.1989	-1032.97	-1578.86	
38.5965	1.26268	-1036.58	-1584.43	
38.6486	1.31724	-1040.34	-1590.01	
38.7045	1.35558	-1043.96	-1595.6	
38.7365	1.38388	-1047.73	-1601.2	
38.7725	1.3952	-1051.37	-1606.81	
38.7855	1.39619	-1055.15	-1612.43	
38.8031	1.37997	-1058.81	-1618.06	
38.7989	1.35367	-1062.6	-1623.7	
38.8003	1.3105	-1066.26	-1629.35	
38.7814	1.25805	-1070.07	-1635.01	
38.7695	1.18957	-1073.75	-1640.68	
38.7391	1.11312	-1077.57	-1646.36	
38.7172	1.02201	-1081.26	-1652.05	
38.6788	0.924689	-1085.1	-1657.75	
38.6507	0.814489	-1088.8	-1663.46	
38.6082	0.700263	-1092.65	-1669.17	
38.578	0.575301	-1096.37	-1674.9	
38.5355	0.448797	-1100.23	-1680.64	
38.5071	0.31398	-1103.96	-1686.39	
38.4687	0.180323	-1107.83	-1692.15	
38.4463	0.0409463	-1111.57	-1697.91	
38.4158	-0.0944548	-1115.46	-1703.69	
38.4031	-0.232915	-1119.21	-1709.48	
38.3842	-0.364579	-1123.12	-1715.27	
38.3846	-0.496685	-1126.88	-1721.08	
38.3804	-0.619282	-1130.8	-1726.9	
38.3968	-0.739852	-1134.58	-1732.72	
38.4098	-0.848409	-1138.51	-1738.56	
38.4443	-0.952724	-1142.3	-1744.4	
38.4764	-1.04283	-1146.24	-1750.26	
38.5307	-1.12682	-1150.05	-1756.12	
38.583	-1.1948	-1154	-1762	
38.6577	-1.2552	-1157.82	-1767.88	
38.7305	-1.29826	-1161.79	-1773.78	
38.8254	-1.33276	-1165.62	-1779.68	
38.9182	-1.34909	-1169.6	-1785.6	
39.0325	-1.35642	-1173.45	-1791.52	
39.144	-1.34528	-1177.44	-1797.46	
39.276	-1.32523	-1181.3	-1803.4	
39.404	-1.28698	-1185.3	-1809.35	
39.5514	-1.24044	-1189.17	-1815.32	
39.6933	-1.17652	-1193.19	-1821.29	
39.853	-1.10546	-1197.08	-1827.27	
40.0055	-1.01832	-1201.11	-1833.27	
40.1741	-0.925652	-1205.01	-1839.27	
40.3334	-0.818685	-1209.05	-1845.28	
40.507	-0.708206	-1212.97	-1851.3	
40.6693	-0.585581	-1217.02	-1857.33	
40.8438	-0.461792	-1220.95	-1863.38	
41.0049	-0.328305	-1225.02	-1869.43	
41.1763	-0.196239	-1228.96	-1875.49	
41.3322	-0.0571179	-1233.04	-1881.56	
41.4965	0.0778648	-1236.99	-1887.64	
41.6434	0.217168	-1241.09	-1893.73	
41.797	0.34959	-1245.05	-1899.83	
41.9314	0.483617	-1249.16	-1905.94	
42.071	0.608105	-1253.14	-1912.06	
42.1899	0.731608	-1257.26	-1918.19	
42.3128	0.843105	-1261.25	-1924.33	
42.4138	0.951257	-1265.39	-1930.48	
42.5181	1.04522	-1269.39	-1936.64	
42.5996	1.13381	-1273.54	-1942.81	
42.684	1.20641	-1277.56	-1948.99	
42.7451	1.27199	-1281.72	-1955.18	
42.809	1.32024	-1285.75	-1961.38	
42.8497	1.36031	-1289.92	-1967.58	
42.8936	1.38218	-1293.97	-1973.8	
42.9146	1.39523	-1298.15	-1980.03	
42.9396	1.38978	-1302.21	-1986.27	
42.9424	1.37539	-1306.41	-1992.52	
42.9504	1.34273	-1310.48	-1998.77	
42.9373	1.30157	-1314.69	-2005.04	
42.9309	1.24292	-1318.77	-2011.32	
42.9047	1.17673	-1323	-2017.6	
42.8871	1.09434	-1327.1	-2023.9	
42.8513	1.00584	-1331.34	-2030.21	
42.8261	0.902914	-1335.45	-2036.52	
42.7844	0.795738	-1339.7	-2042.85	
42.7554	0.676282	-1343.82	-2049.18	
42.7119	0.554792	-1348.09	-2055.53	
42.6833	0.423484	-1352.22	-2061.88	
42.642	0.292613	-1356.5	-2068.25	
42.6178	0.154603	-1360.65	-2074.62	
42.5828	0.0196568	-1364.94	-2081.01	
42.5669	-0.11964	-1369.1	-2087.4	
42.5418	-0.253194	-1373.41	-2093.81	
42.5378	-0.388309	-1377.58	-2100.22	
42.526	-0.515062	-1381.9	-2106.65	
42.5369	-0.640695	-1386.08	-2113.08	
42.5412	-0.755509	-1390.42	-2119.52	
42.5695	-0.866736	-1394.61	-2125.98	
42.5921	-0.964954	-1398.96	-2132.44	
42.6396	-1.05743	-1403.17	-2138.91	
42.6819	-1.13505	-1407.53	-2145.4	
42.7497	-1.20516	-1411.76	-2151.89	
42.8124	-1.25902	-1416.13	-2158.39	
42.9006	-1.30407	-1420.37	-2164.9	
42.9834	-1.33194	-1424.75	-2171.42	
43.0916	-1.3502	-1429	-2177.96	
43.1936	-1.35089	-1433.4	-2184.5	
43.3203	-1.34172	-1437.66	-2191.05	
43.4397	-1.31514	-1442.07	-2197.61	
43.5829	-1.27898	-1446.35	-2204.18	
43.7173	-1.22612	-1450.77	-2210.76	
43.8741	-1.16449	-1455.06	-2217.35	
44.0204	-1.08737	-1459.5	-2223.95	
44.1875	-1.00282	-1463.81	-2230.56	
44.3423	-0.904454	-1468.25	-2237.18	
44.5161	-0.800418	-1472.57	-2243.81	
44.6754	-0.684655	-1477.03	-2250.45	
44.8519	-0.565357	-1481.36	-2257.1	
45.0117	-0.436745	-1485.84	-2263.76	
45.1867	-0.307013	-1490.18	-2270.43	
45.343	-0.170611	-1494.67	-2277.11	
45.5126	-0.0356892	-1499.03	-2283.8	
45.6614	0.103134	-1503.53	-2290.49	
45.8217	0.237798	-1507.9	-2297.2	
45.9595	0.373574	-1512.41	-2303.92	
46.1071	0.502544	-1516.8	-2310.65	
46.2306	0.629928	-1521.32	-2317.39	
46.3626	0.747998	-1525.72	-2324.13	
46.4692	0.861978	-1530.26	-2330.89	
46.5833	0.964376	-1534.67	-2337.66	
46.6711	1.06047	-1539.22	-2344.43	
46.7657	1.14306	-1543.64	-2351.22	
46.8334	1.21751	-1548.21	-2358.02	
46.9077	1.27692	-1552.65	-2364.82	
46.955	1.32683	-1557.23	-2371.64	
47.009	1.36064	-1561.67	-2378.46	
47.0362	1.38407	-1566.27	-2385.3	
47.0708	1.39088	-1570.73	-2392.14	
47.0792	1.38697	-1575.33	-2399	
47.0958	1.36645	-1579.81	-2405.86	
47.0875	1.33542	-1584.43	-2412.74	
47.0885	1.28832	-1588.91	-2419.62	
47.0659	1.23148	-1593.55	-2426.52	
47.0543	1.15962	-1598.05	-2433.42	
47.0207	1.07929	-1602.69	-2440.34	
46.9998	0.985493	-1607.2	-2447.26	
46.9589	0.884935	-1611.86	-2454.19	
46.9326	0.772877	-1616.39	-2461.14	
46.8882	0.656166	-1621.06	-2468.09	
46.8604	0.530257	-1625.6	-2475.05	
46.8167	0.402107	-1630.28	-2482.03	
46.7916	0.26731	-1634.84	-2489.01	
46.7526	0.13289	-1639.53	-2496	
46.734	-0.00547847	-1644.1	-2503	
46.7036	-0.140749	-1648.81	-2510.01	
46.6953	-0.277232	-1653.39	-2517.04	
46.6769	-0.407903	-1658.11	-2524.07	
46.6823	-0.537116	-1662.7	-2531.11	
46.6789	-0.657919	-1667.44	-2538.16	
46.7006	-0.774771	-1672.04	-2545.22	
46.7148	-0.880835	-1676.79	-2552.29	
46.7549	-0.980727	-1681.41	-2559.37	
46.7884	-1.06777	-1686.17	-2566.46	
46.8482	-1.14678	-1690.81	-2573.56	
46.902	-1.21126	-1695.58	-2580.67	
46.9822	-1.26631	-1700.22	-2587.79	
47.0563	-1.30561	-1705.01	-2594.92	
47.1566	-1.33455	-1709.67	-2602.06	
47.2504	-1.34706	-1714.47	-2609.21	
47.3698	-1.34881	-1719.14	-2616.37	
47.482	-1.33396	-1723.96	-2623.54	
47.6185	-1.30851	-1728.64	-2630.72	
47.7469	-1.26684	-1733.47	-2637.9	
47.8982	-1.21527	-1738.17	-2645.1	
48.0399	-1.14839	-1743.01	-2652.31	
48.2028	-1.07281	-1747.72	-2659.53	
48.3546	-0.983326	-1752.57	-2666.76	
48.5256	-0.886826	-1757.29	-2673.99	
48.6836	-0.778243	-1762.16	-2681.24	
48.8589	-0.66473	-1766.89	-2688.5	
49.0192	-0.54132	-1771.78	-2695.76	
49.1946	-0.415384	-1776.52	-2703.04	
49.3532	-0.282007	-1781.42	-2710.33	
49.5248	-0.148732	-1786.18	-2717.62	
49.6776	-0.0106436	-1791.09	-2724.93	
49.8413	0.124592	-1795.86	-2732.24	
49.9846	0.261949	-1800.78	-2739.57	
50.137	0.39369	-1805.57	-2746.9	
50.2674	0.524905	-1810.5	-2754.25	
50.4052	0.647835	-1815.3	-2761.6	
50.5198	0.767742	-1820.25	-2768.97	
50.6406	0.876896	-1825.06	-2776.34	
50.7372	0.980783	-1830.02	-2783.73	
50.839	1.07174	-1834.85	-2791.12	
50.9161	1.15554	-1839.82	-2798.53	
50.9978	1.22462	-1844.66	-2805.94	
51.0547	1.28504	-1849.64	-2813.36	
51.116	1.32942	-1854.49	-2820.8	
51.1526	1.36415	-1859.49	-2828.24	
51.194	1.38199	-1864.36	-2835.69	
51.2113	1.3897	-1869.37	-2843.16	
51.234	1.38023	-1874.25	-2850.63	
51.2337	1.36069	-1879.27	-2858.11	
51.2398	1.32422	-1884.17	-2865.6	
51.2241	1.27829	-1889.2	-2873.1	
51.2162	1.2162	-1894.11	-2880.62	
51.1883	1.14578	-1899.16	-2888.14	
51.1697	1.06048	-1904.08	-2895.67	
51.1329	0.96845	-1909.14	-2903.21	
51.1072	0.863276	-1914.07	-2910.76	
51.0653	0.753385	-1919.15	-2918.32	
51.0365	0.632457	-1924.09	-2925.89	
50.9936	0.50916	-1929.18	-2933.47	
50.9657	0.377226	-1934.14	-2941.06	
50.9259	0.245516	-1939.24	-2948.66	
50.903	0.107764	-1944.21	-2956.27	
50.87	-0.0270337	-1949.33	-2963.89	
50.8559	-0.165188	-1954.31	-2971.52	
50.8336	-0.297621	-1959.44	-2979.16	
50.8318	-0.430746	-1964.44	-2986.81	
50.8233	-0.55546	-1969.58	-2994.47	
50.8367	-0.678324	-1974.59	-3002.14	
50.8449	-0.790271	-1979.74	-3009.81	
50.8759	-0.898057	-1984.77	-3017.5	
50.9026	-0.992697	-1989.93	-3025.2	
50.9529	-1.08119	-1994.97	-3032.91	
50.9994	-1.15467	-2000.15	-3040.63	
51.0699	-1.22042	-2005.2	-3048.35	
51.1368	-1.26974	-2010.39	-3056.09	
51.2276	-1.31021	-2015.45	-3063.84	
51.3146	-1.33333	-2020.66	-3071.59	
51.4249	-1.34698	-2025.74	-3079.36	
51.5308	-1.3429	-2030.96	-3087.14	
51.6592	-1.32928	-2036.05	-3094.92	
51.7822	-1.29808	-2041.28	-3102.72	
51.9264	-1.25781	-2046.38	-3110.52	
52.0639	-1.20067	-2051.63	-3118.34	
52.2212	-1.13545	-2056.74	-3126.16	
52.37	-1.05455	-2062	-3134	
52.537	-0.96706	-2067.13	-3141.84	
52.6936	-0.86556	-2072.4	-3149.7	
52.8665	-0.759372	-2077.54	-3157.56	
53.027	-0.641238	-2082.83	-3165.44	
53.2018	-0.520669	-2087.98	-3173.32	
53.3622	-0.39053	-2093.28	-3181.22	
53.5348	-0.260471	-2098.44	-3189.12	
53.6911	-0.123436	-2103.76	-3197.03	
53.8576	0.0108445	-2108.93	-3204.96	
54.0058	0.149396	-2114.26	-3212.89	
54.1624	0.282461	-2119.45	-3220.83	
54.299	0.417086	-2124.79	-3228.79	
54.4425	0.543549	-2130	-3236.75	
54.5644	0.668964	-2135.35	-3244.72	
54.6919	0.783701	-2140.57	-3252.7	
54.7966	0.89499	-2145.93	-3260.69	
54.9059	0.993346	-2151.16	-3268.7	
54.9916	1.08616	-2156.54	-3276.71	
55.0813	1.16413	-2161.78	-3284.73	
55.1469	1.23485	-2167.17	-3292.76	
55.2164	1.28925	-2172.43	-3300.8	
55.2616	1.33514	-2177.83	-3308.85	
55.311	1.36373	-2183.1	-3316.91	
55.3364	1.38304	-2188.52	-3324.98	
55.3666	1.38459	-2193.81	-3333.06	
55.3736	1.37665	-2199.23	-3341.15	
55.3863	1.35102	-2204.53	-3349.25	
55.3769	1.31623	-2209.97	-3357.36	
55.3746	1.26437	-2215.28	-3365.48	
55.3515	1.20419	-2220.74	-3373.61	
55.3372	1.12809	-2226.06	-3381.75	
55.3037	1.04501	-2231.53	-3389.9	
55.2808	0.947621	-2236.87	-3398.06	
55.2406	0.845044	-2242.35	-3406.22	
55.213	0.730169	-2247.7	-3414.4	
55.17	0.612262	-2253.19	-3422.59	
55.1417	0.484406	-2258.56	-3430.79	
55.1	0.355952	-2264.06	-3439	
55.0751	0.220133	-2269.44	-3447.21	
55.0387	0.0863349	-2274.96	-3455.44	
55.0211	-0.0521099	-2280.35	-3463.68	
54.9937	-0.185839	-2285.88	-3471.92	
54.987	-0.321469	-2291.28	-3480.18	
54.9721	-0.449719	-2296.83	-3488.45	
54.9795	-0.577206	-2302.25	-3496.72	
54.9801	-0.694786	-2307.81	-3505.01	
55.0042	-0.809128	-2313.23	-3513.3	
55.0225	-0.911272	-2318.81	-3521.61	
55.0653	-1.00799	-2324.25	-3529.92	
55.1029	-1.09055	-2329.83	-3538.25	
55.1656	-1.16587	-2335.29	-3546.58	
55.2234	-1.22548	-2340.89	-3554.93	
55.3065	-1.27648	-2346.35	-3563.28	
55.3845	-1.31069	-2351.97	-3571.65	
55.4875	-1.33541	-2357.45	-3580.02	
55.5849	-1.34279	-2363.07	-3588.41	
55.7067	-1.34032	-2368.56	-3596.8	
55.822	-1.3205	-2374.2	-3605.2	
55.9606	-1.29103	-2379.71	-3613.62	
56.0915	-1.24472	-2385.36	-3622.04	
56.2444	-1.1895	-2390.88	-3630.47	
56.3879	-1.11849	-2396.54	-3638.92	
56.5519	-1.03979	-2402.08	-3647.37	
56.7048	-0.946829	-2407.75	-3655.83	
56.8763	-0.84787	-2413.3	-3664.3	
57.0346	-0.736601	-2418.99	-3672.78	
57.2097	-0.621403	-2424.55	-3681.28	
57.3696	-0.496188	-2430.25	-3689.78	
57.5443	-0.36942	-2435.82	-3698.29	
57.7017	-0.23518	-2441.54	-3706.81	
57.8719	-0.101969	-2447.12	-3715.34	
58.0228	0.0360148	-2452.85	-3723.88	
58.1847	0.170286	-2458.45	-3732.43	
58.3254	0.306584	-2464.19	-3740.99	
58.4755	0.436491	-2469.81	-3749.56	
58.6028	0.56574	-2475.56	-3758.14	
58.7379	0.686033	-2481.18	-3766.73	
58.8491	0.803152	-2486.95	-3775.33	
58.9669	0.908967	-2492.59	-3783.94	
59.0597	1.00936	-2498.37	-3792.56	
59.1585	1.09641	-2504.02	-3801.19	
59.2316	1.17614	-2509.82	-3809.83	
59.3104	1.24089	-2515.48	-3818.48	
59.3632	1.29686	-2521.29	-3827.13	
59.4217	1.33666	-2526.97	-3835.8	
59.4545	1.3667	-2532.79	-3844.48	
59.4933	1.3799	-2538.48	-3853.17	
59.5071	1.3829	-2544.31	-3861.87	
59.5277	1.3689	-2550.01	-3870.57	
59.5241	1.3448	-2555.86	-3879.29	
59.5286	1.3041	-2561.57	-3888.02	
59.5102	1.25394	-2567.44	-3896.75	
59.5014	1.1881	-2573.16	-3905.5	
59.4713	1.11394	-2579.04	-3914.26	
59.4523	1.02552	-2584.78	-3923.02	
59.414	0.930396	-2590.67	-3931.8	
59.3887	0.822858	-2596.42	-3940.58	
59.346	0.710629	-2602.32	-3949.38	
59.3183	0.588192	-2608.09	-3958.18	
59.2752	0.463403	-2614	-3967	
59.2492	0.330885	-2619.78	-3975.82	
59.2098	0.198579	-2625.71	-3984.66	
59.1894	0.0611965	-2631.5	-3993.5	
59.1575	-0.0732829	-2637.44	-4002.36	
59.1465	-0.210119	-2643.25	-4011.22	
59.1258	-0.341344	-2649.2	-4020.1	
59.1275	-0.472246	-2655.02	-4028.98	
59.1211	-0.594919	-2660.98	-4037.87	
59.1385	-0.714734	-2666.81	-4046.78	
59.1489	-0.823899	-2672.79	-4055.69	
59.1842	-0.927919	-2678.64	-4064.61	
59.2134	-1.01916	-2684.63	-4073.55	
59.2681	-1.10331	-2690.49	-4082.49	
59.3172	-1.17292	-2696.49	-4091.44	
59.3921	-1.23391	-2702.37	-4100.4	
59.4615	-1.27906	-2708.38	-4109.37	
59.5565	-1.31453	-2714.27	-4118.36	
59.6458	-1.33334	-2720.3	-4127.35	
59.76	-1.34195	-2726.2	-4136.35	
59.8679	-1.33362	-2732.24	-4145.36	
59.9998	-1.31509	-2738.15	-4154.38	
60.1243	-1.27989	-2744.21	-4163.41	
60.2715	-1.23504	-2750.13	-4172.45	
60.41	-1.1743	-2756.2	-4181.5	
60.5697	-1.10498	-2762.14	-4190.56	
60.7189	-1.02106	-2768.22	-4199.63	
60.8875	-0.930105	-2774.17	-4208.71	
61.0439	-0.826295	-2780.27	-4217.8	
61.2177	-0.717401	-2786.23	-4226.9	
61.3774	-0.597768	-2792.34	-4236.01	
61.5524	-0.475349	-2798.32	-4245.13	
61.7112	-0.344596	-2804.44	-4254.26	
61.8834	-0.213603	-2810.43	-4263.4	
62.0375	-0.0768759	-2816.56	-4272.54	
62.2028	0.0574001	-2822.57	-4281.7	
62.3483	0.194718	-2828.71	-4290.87	
62.5032	0.326854	-2834.73	-4300.05	
62.6366	0.459357	-2840.89	-4309.24	
62.7778	0.584017	-2846.92	-4318.43	
62.8961	0.706492	-2853.09	-4327.64	
63.021	0.818639	-2859.13	-4336.86	
63.1219	0.926274	-2865.32	-4346.08	
63.2283	1.02137	-2871.38	-4355.32	
63.31	1.10994	-2877.58	-4364.57	
63.3967	1.18413	-2883.65	-4373.82	
63.4584	1.25018	-2889.86	-4383.09	
63.5249	1.30043	-2895.94	-4392.36	
63.5664	1.34141	-2902.17	-4401.65	
63.6128	1.36565	-2908.26	-4410.94	
63.6348	1.37999	-2914.5	-4420.25	
63.6624	1.37719	-2920.61	-4429.56	
63.6664	1.3644	-2926.86	-4438.89	
63.6769	1.3346	-2932.98	-4448.22	
63.665	1.29525	-2939.25	-4457.57	
63.6609	1.23958	-2945.38	-4466.92	
63.636	1.17533	-2951.66	-4476.29	
63.6205	1.09593	-2957.8	-4485.66	
63.5858	1.00941	-2964.1	-4495.04	
63.5624	0.909382	-2970.25	-4504.44	
63.5217	0.804119	-2976.56	-4513.84	
63.4942	0.687379	-2982.73	-4523.25	
63.4516	0.567642	-2989.05	-4532.68	
63.424	0.438774	-2995.24	-4542.11	
63.3833	0.309413	-3001.57	-4551.55	
63.3598	0.173483	-3007.77	-4561	
63.3251	0.0397292	-3014.11	-4570.46	
63.3093	-0.0979164	-3020.32	-4579.94	
63.2843	-0.230656	-3026.68	-4589.42	
63.28	-0.364603	-3032.9	-4598.91	
63.268	-0.490963	-3039.27	-4608.41	
63.2782	-0.615946	-3045.51	-4617.92	
63.282	-0.730815	-3051.89	-4627.44	
63.3092	-0.841927	-3058.14	-4636.97	
63.3311	-0.940653	-3064.54	-4646.51	
63.377	-1.03354	-3070.81	-4656.06	
63.4184	-1.11211	-3077.21	-4665.62	
63.4843	-1.18315	-3083.49	-4675.19	
63.5459	-1.23837	-3089.91	-4684.77	
63.632	-1.2848	-3096.2	-4694.36	
63.7136	-1.31439	-3102.64	-4703.96	
63.8195	-1.33445	-3108.94	-4713.57	
63.9202	-1.33715	-3115.39	-4723.19	
64.0445	-1.33012	-3121.71	-4732.82	
64.1627	-1.30576	-3128.17	-4742.45	
64.3033	-1.27198	-3134.5	-4752.1	
64.4366	-1.22146	-3140.97	-4761.76	
64.5909	-1.16238	-3147.32	-4771.43	
64.7364	-1.08763	-3153.8	-4781.11	
64.9011	-1.00567	-3160.16	-4790.79	
65.0552	-0.909611	-3166.66	-4800.49	
65.2267	-0.808123	-3173.03	-4810.2	
65.3857	-0.694503	-3179.54	-4819.91	
65.5601	-0.577613	-3185.92	-4829.64	
65.7199	-0.450888	-3192.45	-4839.38	
65.8932	-0.323333	-3198.85	-4849.12	
66.0499	-0.188481	-3205.39	-4858.88	
66.2179	-0.055426	-3211.79	-4868.64	
66.3676	0.0822534	-3218.35	-4878.42	
66.5267	0.215427	-3224.77	-4888.2	
