0 139.461
1 510.294
2 515.481
3 522.563
4 531.705
5 542.897
6 556.083
7 571.185
8 588.114
9 606.769
10 627.044
11 648.828
12 672.006
13 696.462
14 722.08
15 748.746
16 776.348
17 804.774
18 833.92
19 863.683
20 893.966
21 924.676
22 955.726
23 987.034
24 1018.52
25 1050.12
26 1081.76
27 1113.39
28 1144.94
29 1176.36
30 1207.62
31 1238.66
32 1269.45
33 1299.95
34 1330.13
35 1359.97
36 1389.44
37 1418.52
38 1447.19
39 1475.42
40 1503.22
41 1530.55
42 1557.42
43 1583.82
44 1609.73
45 1635.14
46 1660.07
47 1684.49
48 1708.42
49 1731.84
50 1754.76
51 1777.18
52 1799.1
53 1820.51
54 1841.44
55 1861.86
56 1881.8
57 1901.26
58 1920.23
59 1938.73
60 1956.76
61 1974.32
62 1991.43
63 2008.09
64 2024.31
65 2040.08
66 2055.43
67 2070.36
68 2084.87
69 2098.97
70 2112.68
71 2125.99
72 2138.92
73 2151.47
74 2163.66
75 2175.48
76 2186.96
77 2198.08
78 2208.88
79 2219.34
80 2229.49
81 2239.32
82 2248.85
83 2258.08
84 2267.02
85 2275.68
86 2284.06
87 2292.18
88 2300.03
89 2307.63
90 2314.99
91 2322.11
92 2328.99
93 2335.65
94 2342.09
95 2348.31
96 2354.33
97 2360.15
98 2365.77
99 2371.21
100 2376.46
101 2381.53
102 2386.43
103 2391.16
104 2395.74
105 2400.15
106 2404.41
107 2408.53
108 2412.51
109 2416.34
110 2420.05
111 2423.62
112 2427.07
113 2430.4
114 2433.61
115 2436.71
116 2439.7
117 2442.59
118 2445.37
119 2448.06
120 2450.65
121 2453.15
122 2455.56
123 2457.88
124 2460.12
125 2462.28
126 2464.37
127 2466.38
128 2468.31
129 2470.18
130 2471.98
131 2473.72
132 2475.39
133 2477.01
134 2478.56
135 2480.06
136 2481.51
137 2482.9
138 2484.24
139 2485.54
140 2486.78
141 2487.99
142 2489.14
143 2490.26
144 2491.34
145 2492.37
146 2493.37
147 2494.34
148 2495.26
149 2496.16
150 2497.02
151 2497.85
152 2498.65
153 2499.42
154 2500.16
155 2500.88
156 2501.57
157 2502.23
158 2502.87
159 2503.49
160 2504.08
161 2504.66
162 2505.21
163 2505.74
164 2506.25
165 2506.74
166 2507.22
167 2507.68
168 2508.12
169 2508.54
170 2508.95
171 2509.35
172 2509.73
173 2510.1
174 2510.45
175 2510.79
176 2511.12
177 2511.43
178 2511.74
179 2512.03
180 2512.31
181 2512.58
182 2512.84
183 2513.1
184 2513.34
185 2513.58
186 2513.8
187 2514.02
188 2514.23
189 2514.43
190 2514.62
191 2514.81
192 2514.99
193 2515.17
194 2515.33
195 2515.5
196 2515.65
197 2515.8
198 2515.95
199 2516.09
200 2516.22
201 2516.35
202 2516.47
203 2516.59
204 2516.71
205 2516.82
206 2516.93
207 2517.03
208 2517.13
209 2517.23
210 2517.32
211 2517.41
212 2517.5
213 2517.58
214 2517.66
215 2517.74
216 2517.81
217 2517.88
218 2517.95
219 2518.02
220 2518.08
221 2518.14
222 2518.2
223 2518.26
224 2518.31
225 2518.37
226 2518.42
227 2518.47
228 2518.51
229 2518.56
230 2518.6
231 2518.65
232 2518.69
233 2518.73
234 2518.77
235 2518.8
236 2518.84
237 2518.87
238 2518.9
239 2518.94
240 2518.97
241 2519
242 2519.02
243 2519.05
244 2519.08
245 2519.1
246 2519.13
247 2519.15
248 2519.17
249 2519.2
250 2519.22
251 2519.24
252 2519.26
253 2519.28
254 2519.29
255 2519.31
256 2519.33
257 2519.34
258 2519.36
259 2519.38
260 2519.39
261 2519.4
262 2519.42
263 2519.43
264 2519.44
265 2519.46
266 2519.47
267 2519.48
268 2519.49
269 2519.5
270 2519.51
271 2519.52
272 2519.53
273 2519.54
274 2519.55
275 2519.56
276 2519.56
277 2519.57
278 2519.58
279 2519.59
280 2519.59
281 2519.6
282 2519.61
283 2519.61
284 2519.62
285 2519.62
286 2519.63
287 2519.64
288 2519.64
289 2519.65
290 2519.65
291 2519.66
292 2519.66
293 2519.66
294 2519.67
295 2519.67
296 2519.68
297 2519.68
298 2519.68
299 2519.69
