0 2076.69
1 2033.12
2 2027.16
3 2019.26
4 2009.3
5 1997.29
6 1983.3
7 1967.41
8 1949.71
9 1930.3
10 1909.28
11 1886.78
12 1862.9
13 1837.76
14 1811.49
15 1784.19
16 1755.97
17 1726.95
18 1697.24
19 1666.93
20 1636.12
21 1604.91
22 1573.38
23 1541.61
24 1509.68
25 1477.66
26 1445.62
27 1413.61
28 1381.69
29 1349.92
30 1318.33
31 1286.97
32 1255.88
33 1225.09
34 1194.63
35 1164.53
36 1134.81
37 1105.5
38 1076.61
39 1048.16
40 1020.17
41 992.639
42 965.586
43 939.02
44 912.945
45 887.369
46 862.296
47 837.729
48 813.67
49 790.119
50 767.078
51 744.546
52 722.52
53 700.999
54 679.98
55 659.458
56 639.431
57 619.894
58 600.841
59 582.267
60 564.167
61 546.534
62 529.361
63 512.643
64 496.371
65 480.54
66 465.141
67 450.167
68 435.61
69 421.464
70 407.719
71 394.368
72 381.403
73 368.815
74 356.598
75 344.742
76 333.24
77 322.084
78 311.266
79 300.777
80 290.61
81 280.757
82 271.21
83 261.961
84 253.003
85 244.329
86 235.93
87 227.8
88 219.931
89 212.316
90 204.947
91 197.82
92 190.925
93 184.257
94 177.809
95 171.575
96 165.549
97 159.724
98 154.094
99 148.654
100 143.397
101 138.319
102 133.413
103 128.674
104 124.098
105 119.678
106 115.411
107 111.29
108 107.312
109 103.472
110 99.7655
111 96.1879
112 92.7353
113 89.4033
114 86.1882
115 83.086
116 80.093
117 77.2055
118 74.42
119 71.733
120 69.1412
121 66.6414
122 64.2305
123 61.9054
124 59.6632
125 57.5011
126 55.4162
127 53.4059
128 51.4676
129 49.5989
130 47.7973
131 46.0604
132 44.3861
133 42.772
134 41.2161
135 39.7164
136 38.2708
137 36.8775
138 35.5345
139 34.2401
140 32.9927
141 31.7904
142 30.6317
143 29.5151
144 28.439
145 27.402
146 26.4027
147 25.4397
148 24.5117
149 23.6175
150 22.7558
151 21.9256
152 21.1255
153 20.3547
154 19.6119
155 18.8962
156 18.2066
157 17.5422
158 16.902
159 16.2851
160 15.6908
161 15.1182
162 14.5665
163 14.0349
164 13.5228
165 13.0294
166 12.5539
167 12.0959
168 11.6546
169 11.2294
170 10.8198
171 10.4251
172 10.0448
173 9.67848
174 9.32551
175 8.98544
176 8.65779
177 8.34212
178 8.03799
179 7.74497
180 7.46266
181 7.19066
182 6.9286
183 6.67611
184 6.43285
185 6.19847
186 5.97265
187 5.75509
188 5.54546
189 5.34349
190 5.1489
191 4.96141
192 4.78076
193 4.60671
194 4.439
195 4.27742
196 4.12174
197 3.97173
198 3.82719
199 3.68793
200 3.55375
201 3.42445
202 3.29987
203 3.17984
204 3.06417
205 2.95272
206 2.84534
207 2.74186
208 2.64215
209 2.54608
210 2.4535
211 2.36429
212 2.27833
213 2.1955
214 2.11569
215 2.03877
216 1.96466
217 1.89324
218 1.82442
219 1.7581
220 1.69419
221 1.6326
222 1.57325
223 1.51606
224 1.46095
225 1.40784
226 1.35666
227 1.30733
228 1.2598
229 1.21399
230 1.16985
231 1.12731
232 1.08631
233 1.0468
234 1.00872
235 0.972023
236 0.936657
237 0.902573
238 0.869725
239 0.838067
240 0.807557
241 0.778152
242 0.749813
243 0.722501
244 0.696177
245 0.670808
246 0.646357
247 0.622791
248 0.600078
249 0.578188
250 0.557089
251 0.536755
252 0.517156
253 0.498266
254 0.48006
255 0.462512
256 0.445599
257 0.429297
258 0.413585
259 0.398442
260 0.383845
261 0.369777
262 0.356216
263 0.343146
264 0.330549
265 0.318406
266 0.306703
267 0.295422
268 0.284548
269 0.274068
270 0.263966
271 0.254229
272 0.244844
273 0.235798
274 0.227078
275 0.218674
276 0.210573
277 0.202764
278 0.195237
279 0.187982
280 0.18099
281 0.174249
282 0.167752
283 0.16149
284 0.155454
285 0.149635
286 0.144027
287 0.138621
288 0.133411
289 0.128388
290 0.123547
291 0.118881
292 0.114383
293 0.110048
294 0.105869
295 0.101841
296 0.0979592
297 0.0942172
298 0.0906103
299 0.0871338
