0 2216.15
1 2543.42
2 2542.64
3 2541.82
4 2541
5 2540.19
6 2539.39
7 2538.6
8 2537.82
9 2537.07
10 2536.33
11 2535.61
12 2534.91
13 2534.23
14 2533.57
15 2532.93
16 2532.32
17 2531.73
18 2531.16
19 2530.61
20 2530.09
21 2529.59
22 2529.1
23 2528.64
24 2528.2
25 2527.78
26 2527.38
27 2526.99
28 2526.63
29 2526.28
30 2525.95
31 2525.63
32 2525.33
33 2525.04
34 2524.77
35 2524.51
36 2524.26
37 2524.02
38 2523.8
39 2523.59
40 2523.38
41 2523.19
42 2523.01
43 2522.84
44 2522.67
45 2522.51
46 2522.37
47 2522.22
48 2522.09
49 2521.96
50 2521.84
51 2521.73
52 2521.62
53 2521.51
54 2521.42
55 2521.32
56 2521.23
57 2521.15
58 2521.07
59 2521
60 2520.92
61 2520.86
62 2520.79
63 2520.73
64 2520.68
65 2520.62
66 2520.57
67 2520.52
68 2520.48
69 2520.44
70 2520.39
71 2520.36
72 2520.32
73 2520.29
74 2520.25
75 2520.22
76 2520.2
77 2520.17
78 2520.14
79 2520.12
80 2520.1
81 2520.08
82 2520.06
83 2520.04
84 2520.02
85 2520
86 2519.99
87 2519.98
88 2519.96
89 2519.95
90 2519.94
91 2519.93
92 2519.92
93 2519.91
94 2519.9
95 2519.89
96 2519.88
97 2519.87
98 2519.87
99 2519.86
100 2519.85
101 2519.85
102 2519.84
103 2519.84
104 2519.83
105 2519.83
106 2519.82
107 2519.82
108 2519.82
109 2519.81
110 2519.81
111 2519.81
112 2519.81
113 2519.8
114 2519.8
115 2519.8
116 2519.8
117 2519.8
118 2519.79
119 2519.79
120 2519.79
121 2519.79
122 2519.79
123 2519.79
124 2519.79
125 2519.78
126 2519.78
127 2519.78
128 2519.78
129 2519.78
130 2519.78
131 2519.78
132 2519.78
133 2519.78
134 2519.78
135 2519.78
136 2519.78
137 2519.78
138 2519.78
139 2519.78
140 2519.78
141 2519.78
142 2519.78
143 2519.78
144 2519.78
145 2519.78
146 2519.77
147 2519.77
148 2519.77
149 2519.77
150 2519.77
151 2519.77
152 2519.77
153 2519.77
154 2519.77
155 2519.77
156 2519.77
157 2519.77
158 2519.77
159 2519.77
160 2519.77
161 2519.77
162 2519.77
163 2519.77
164 2519.77
165 2519.77
166 2519.77
167 2519.77
168 2519.77
169 2519.77
170 2519.77
171 2519.77
172 2519.77
173 2519.77
174 2519.77
175 2519.77
176 2519.77
177 2519.77
178 2519.77
179 2519.77
180 2519.77
181 2519.77
182 2519.77
183 2519.77
184 2519.77
185 2519.77
186 2519.77
187 2519.77
188 2519.77
189 2519.77
190 2519.77
191 2519.77
192 2519.77
193 2519.77
194 2519.77
195 2519.77
196 2519.77
197 2519.77
198 2519.77
199 2519.77
200 2519.77
201 2519.77
202 2519.77
203 2519.77
204 2519.77
205 2519.77
206 2519.77
207 2519.77
208 2519.77
209 2519.77
210 2519.77
211 2519.77
212 2519.77
213 2519.77
214 2519.77
215 2519.77
216 2519.77
217 2519.77
218 2519.77
219 2519.77
220 2519.77
221 2519.77
222 2519.77
223 2519.77
224 2519.77
225 2519.77
226 2519.77
227 2519.77
228 2519.77
229 2519.77
230 2519.77
231 2519.77
232 2519.77
233 2519.77
234 2519.77
235 2519.77
236 2519.77
237 2519.77
238 2519.77
239 2519.77
240 2519.77
241 2519.77
242 2519.77
243 2519.77
244 2519.77
245 2519.77
246 2519.77
247 2519.77
248 2519.77
249 2519.77
250 2519.77
251 2519.77
252 2519.77
253 2519.77
254 2519.77
255 2519.77
256 2519.77
257 2519.77
258 2519.77
259 2519.77
260 2519.77
261 2519.77
262 2519.77
263 2519.77
264 2519.77
265 2519.77
266 2519.77
267 2519.77
268 2519.77
269 2519.77
270 2519.77
271 2519.77
272 2519.77
273 2519.77
274 2519.77
275 2519.77
276 2519.77
277 2519.77
278 2519.77
279 2519.77
280 2519.77
281 2519.77
282 2519.77
283 2519.77
284 2519.77
285 2519.77
286 2519.77
287 2519.77
288 2519.77
289 2519.77
290 2519.77
291 2519.77
292 2519.77
293 2519.77
294 2519.77
295 2519.77
296 2519.77
297 2519.77
298 2519.77
299 2519.77
